0 0.615625 0.225 0.03125 0.041666666666666664
0 0.56328125 0.2864583333333333 0.0453125 0.06458333333333334
0 0.73671875 0.34479166666666666 0.0359375 0.052083333333333336
0 0.44609375 0.215625 0.0234375 0.027083333333333334
0 0.4078125 0.2520833333333333 0.03125 0.04583333333333333
0 0.36015625 0.2916666666666667 0.0296875 0.04583333333333333
0 0.375 0.33645833333333336 0.03125 0.04791666666666667
0 0.45390625 0.6770833333333334 0.0984375 0.12916666666666668
0 0.29453125 0.21770833333333334 0.0265625 0.03125
0 0.25 0.265625 0.028125 0.04375
0 0.853125 0.36666666666666664 0.040625 0.05
0 0.1109375 0.46979166666666666 0.04375 0.06875
0 0.43671875 0.20625 0.0265625 0.03333333333333333
0 0.615625 0.225 0.03125 0.041666666666666664
0 0.56328125 0.2864583333333333 0.0453125 0.06458333333333334
0 0.73671875 0.34479166666666666 0.0359375 0.052083333333333336
0 0.44609375 0.215625 0.0234375 0.027083333333333334
0 0.4078125 0.2520833333333333 0.03125 0.04583333333333333
0 0.36015625 0.2916666666666667 0.0296875 0.04583333333333333
0 0.375 0.33645833333333336 0.03125 0.04791666666666667
0 0.45390625 0.6770833333333334 0.0984375 0.12916666666666668
0 0.29453125 0.21770833333333334 0.0265625 0.03125
0 0.25 0.265625 0.028125 0.04375
0 0.853125 0.36666666666666664 0.040625 0.05
0 0.1109375 0.46979166666666666 0.04375 0.06875
0 0.43671875 0.20625 0.0265625 0.03333333333333333
