0 0.3609375 0.2833333333333333 0.028125 0.05
0 0.53984375 0.39166666666666666 0.0578125 0.1
0 0.7671875 0.46041666666666664 0.053125 0.08333333333333333
0 0.25078125 0.2635416666666667 0.0265625 0.04791666666666667
0 0.290625 0.21979166666666666 0.03125 0.035416666666666666
0 0.45 0.215625 0.021875 0.027083333333333334
0 0.61328125 0.21875 0.0296875 0.03333333333333333
0 0.37734375 0.3385416666666667 0.0359375 0.04375
0 0.11640625 0.48125 0.0453125 0.058333333333333334
0 0.43359375 0.20833333333333334 0.0203125 0.03333333333333333
0 0.3609375 0.2833333333333333 0.028125 0.05
0 0.53984375 0.39166666666666666 0.0578125 0.1
0 0.7671875 0.46041666666666664 0.053125 0.08333333333333333
0 0.25078125 0.2635416666666667 0.0265625 0.04791666666666667
0 0.290625 0.21979166666666666 0.03125 0.035416666666666666
0 0.45 0.215625 0.021875 0.027083333333333334
0 0.61328125 0.21875 0.0296875 0.03333333333333333
0 0.37734375 0.3385416666666667 0.0359375 0.04375
0 0.11640625 0.48125 0.0453125 0.058333333333333334
0 0.43359375 0.20833333333333334 0.0203125 0.03333333333333333
