0 0.396875 0.346875 0.065625 0.09791666666666667
0 0.759375 0.3697916666666667 0.04375 0.07708333333333334
0 0.64296875 0.253125 0.0390625 0.052083333333333336
0 0.5578125 0.29270833333333335 0.05625 0.07291666666666667
0 0.44453125 0.21979166666666666 0.0203125 0.03125
0 0.2953125 0.246875 0.034375 0.052083333333333336
0 0.25625 0.26875 0.025 0.041666666666666664
0 0.40625 0.2125 0.028125 0.016666666666666666
0 0.38515625 0.2791666666666667 0.0359375 0.05
0 0.44765625 0.22291666666666668 0.0265625 0.0375
0 0.1140625 0.46875 0.040625 0.06666666666666667
0 0.2921875 0.225 0.025 0.0375
0 0.396875 0.346875 0.065625 0.09791666666666667
0 0.759375 0.3697916666666667 0.04375 0.07708333333333334
0 0.64296875 0.253125 0.0390625 0.052083333333333336
0 0.5578125 0.29270833333333335 0.05625 0.07291666666666667
0 0.44453125 0.21979166666666666 0.0203125 0.03125
0 0.2953125 0.246875 0.034375 0.052083333333333336
0 0.25625 0.26875 0.025 0.041666666666666664
0 0.40625 0.2125 0.028125 0.016666666666666666
0 0.38515625 0.2791666666666667 0.0359375 0.05
0 0.44765625 0.22291666666666668 0.0265625 0.0375
0 0.1140625 0.46875 0.040625 0.06666666666666667
0 0.2921875 0.225 0.025 0.0375
