0 0.29375 0.21458333333333332 0.021875 0.025
0 0.25 0.265625 0.025 0.04375
0 0.40859375 0.2520833333333333 0.0234375 0.0375
0 0.36171875 0.29375 0.0265625 0.05416666666666667
0 0.3609375 0.353125 0.03125 0.04791666666666667
0 0.45625 0.215625 0.025 0.027083333333333334
0 0.628125 0.22708333333333333 0.034375 0.05
0 0.57734375 0.3 0.0359375 0.058333333333333334
0 0.75 0.31979166666666664 0.034375 0.04375
0 0.11484375 0.47291666666666665 0.0421875 0.06666666666666667
0 0.43671875 0.20520833333333333 0.0234375 0.035416666666666666
0 0.29375 0.21458333333333332 0.021875 0.025
0 0.25 0.265625 0.025 0.04375
0 0.40859375 0.2520833333333333 0.0234375 0.0375
0 0.36171875 0.29375 0.0265625 0.05416666666666667
0 0.3609375 0.353125 0.03125 0.04791666666666667
0 0.45625 0.215625 0.025 0.027083333333333334
0 0.628125 0.22708333333333333 0.034375 0.05
0 0.57734375 0.3 0.0359375 0.058333333333333334
0 0.75 0.31979166666666664 0.034375 0.04375
0 0.11484375 0.47291666666666665 0.0421875 0.06666666666666667
0 0.43671875 0.20520833333333333 0.0234375 0.035416666666666666
