0 0.24921875 0.2604166666666667 0.0234375 0.041666666666666664
0 0.36015625 0.290625 0.0296875 0.052083333333333336
0 0.3734375 0.33645833333333336 0.04375 0.06041666666666667
0 0.32578125 0.37083333333333335 0.0546875 0.09583333333333334
0 0.50390625 0.21979166666666666 0.0265625 0.035416666666666666
0 0.5515625 0.22083333333333333 0.0375 0.041666666666666664
0 0.62578125 0.23229166666666667 0.0359375 0.04375
0 0.51796875 0.365625 0.0578125 0.08125
0 0.7375 0.3072916666666667 0.034375 0.04791666666666667
0 0.43984375 0.21354166666666666 0.0265625 0.03958333333333333
0 0.1015625 0.4739583333333333 0.04375 0.06458333333333334
0 0.24921875 0.2604166666666667 0.0234375 0.041666666666666664
0 0.36015625 0.290625 0.0296875 0.052083333333333336
0 0.3734375 0.33645833333333336 0.04375 0.06041666666666667
0 0.32578125 0.37083333333333335 0.0546875 0.09583333333333334
0 0.50390625 0.21979166666666666 0.0265625 0.035416666666666666
0 0.5515625 0.22083333333333333 0.0375 0.041666666666666664
0 0.62578125 0.23229166666666667 0.0359375 0.04375
0 0.51796875 0.365625 0.0578125 0.08125
0 0.7375 0.3072916666666667 0.034375 0.04791666666666667
0 0.43984375 0.21354166666666666 0.0265625 0.03958333333333333
0 0.1015625 0.4739583333333333 0.04375 0.06458333333333334
