0 0.2859375 0.22083333333333333 0.021875 0.03333333333333333
0 0.2578125 0.27291666666666664 0.021875 0.041666666666666664
0 0.4171875 0.21145833333333333 0.021875 0.01875
0 0.45078125 0.215625 0.0234375 0.027083333333333334
0 0.4921875 0.26979166666666665 0.03125 0.052083333333333336
0 0.65078125 0.25625 0.0390625 0.0625
0 0.59140625 0.303125 0.0484375 0.08125
0 0.13828125 0.2708333333333333 0.0234375 0.0375
0 0.1125 0.4708333333333333 0.04375 0.06666666666666667
0 0.2859375 0.22083333333333333 0.021875 0.03333333333333333
0 0.2578125 0.27291666666666664 0.021875 0.041666666666666664
0 0.4171875 0.21145833333333333 0.021875 0.01875
0 0.45078125 0.215625 0.0234375 0.027083333333333334
0 0.4921875 0.26979166666666665 0.03125 0.052083333333333336
0 0.65078125 0.25625 0.0390625 0.0625
0 0.59140625 0.303125 0.0484375 0.08125
0 0.13828125 0.2708333333333333 0.0234375 0.0375
0 0.1125 0.4708333333333333 0.04375 0.06666666666666667
