0 0.759375 0.3697916666666667 0.046875 0.06458333333333334
0 0.56171875 0.334375 0.0453125 0.08125
0 0.28125 0.21875 0.028125 0.03333333333333333
0 0.446875 0.221875 0.03125 0.027083333333333334
0 0.5328125 0.225 0.034375 0.0375
0 0.5984375 0.25833333333333336 0.040625 0.05
0 0.64453125 0.259375 0.0328125 0.052083333333333336
0 0.4328125 0.209375 0.021875 0.014583333333333334
0 0.1390625 0.26979166666666665 0.021875 0.035416666666666666
0 0.11171875 0.4708333333333333 0.0453125 0.0625
0 0.759375 0.3697916666666667 0.046875 0.06458333333333334
0 0.56171875 0.334375 0.0453125 0.08125
0 0.28125 0.21875 0.028125 0.03333333333333333
0 0.446875 0.221875 0.03125 0.027083333333333334
0 0.5328125 0.225 0.034375 0.0375
0 0.5984375 0.25833333333333336 0.040625 0.05
0 0.64453125 0.259375 0.0328125 0.052083333333333336
0 0.4328125 0.209375 0.021875 0.014583333333333334
0 0.1390625 0.26979166666666665 0.021875 0.035416666666666666
0 0.11171875 0.4708333333333333 0.0453125 0.0625
