0 0.64375 0.24791666666666667 0.0375 0.05416666666666667
0 0.4359375 0.21354166666666666 0.025 0.022916666666666665
0 0.42265625 0.20833333333333334 0.0203125 0.0125
0 0.259375 0.2604166666666667 0.025 0.0375
0 0.0390625 0.5510416666666667 0.075 0.11458333333333333
0 0.15703125 0.22083333333333333 0.0265625 0.029166666666666667
0 0.10625 0.4666666666666667 0.040625 0.058333333333333334
0 0.64375 0.24791666666666667 0.0375 0.05416666666666667
0 0.4359375 0.21354166666666666 0.025 0.022916666666666665
0 0.42265625 0.20833333333333334 0.0203125 0.0125
0 0.259375 0.2604166666666667 0.025 0.0375
0 0.0390625 0.5510416666666667 0.075 0.11458333333333333
0 0.15703125 0.22083333333333333 0.0265625 0.029166666666666667
0 0.10625 0.4666666666666667 0.040625 0.058333333333333334
