0 0.45078125 0.215625 0.0234375 0.027083333333333334
0 0.6421875 0.2520833333333333 0.0375 0.05416666666666667
0 0.353125 0.271875 0.034375 0.052083333333333336
0 0.259375 0.275 0.025 0.041666666666666664
0 0.11328125 0.47291666666666665 0.0421875 0.0625
0 0.41171875 0.20729166666666668 0.0296875 0.035416666666666666
0 0.45078125 0.215625 0.0234375 0.027083333333333334
0 0.6421875 0.2520833333333333 0.0375 0.05416666666666667
0 0.353125 0.271875 0.034375 0.052083333333333336
0 0.259375 0.275 0.025 0.041666666666666664
0 0.11328125 0.47291666666666665 0.0421875 0.0625
0 0.41171875 0.20729166666666668 0.0296875 0.035416666666666666
