0 0.2875 0.21875 0.021875 0.03333333333333333
0 0.365625 0.215625 0.028125 0.027083333333333334
0 0.4375 0.21875 0.028125 0.03333333333333333
0 0.59453125 0.30833333333333335 0.0390625 0.06666666666666667
0 0.15625 0.2677083333333333 0.021875 0.035416666666666666
0 0.64609375 0.2604166666666667 0.0359375 0.05416666666666667
0 0.81015625 0.32083333333333336 0.0390625 0.0625
0 0.11484375 0.46875 0.0421875 0.0625
0 0.4265625 0.20833333333333334 0.025 0.0375
0 0.2875 0.21875 0.021875 0.03333333333333333
0 0.365625 0.215625 0.028125 0.027083333333333334
0 0.4375 0.21875 0.028125 0.03333333333333333
0 0.59453125 0.30833333333333335 0.0390625 0.06666666666666667
0 0.15625 0.2677083333333333 0.021875 0.035416666666666666
0 0.64609375 0.2604166666666667 0.0359375 0.05416666666666667
0 0.81015625 0.32083333333333336 0.0390625 0.0625
0 0.11484375 0.46875 0.0421875 0.0625
0 0.4265625 0.20833333333333334 0.025 0.0375
