0 0.28671875 0.21666666666666667 0.0203125 0.029166666666666667
0 0.45390625 0.215625 0.0234375 0.027083333333333334
0 0.64375 0.2520833333333333 0.03125 0.05416666666666667
0 0.546875 0.3645833333333333 0.04375 0.07916666666666666
0 0.5359375 0.4197916666666667 0.065625 0.08958333333333333
0 0.2671875 0.33958333333333335 0.05625 0.07916666666666666
0 0.25 0.27708333333333335 0.025 0.0375
0 0.1078125 0.46875 0.04375 0.0625
0 0.4390625 0.20833333333333334 0.025 0.03333333333333333
0 0.28671875 0.21666666666666667 0.0203125 0.029166666666666667
0 0.45390625 0.215625 0.0234375 0.027083333333333334
0 0.64375 0.2520833333333333 0.03125 0.05416666666666667
0 0.546875 0.3645833333333333 0.04375 0.07916666666666666
0 0.5359375 0.4197916666666667 0.065625 0.08958333333333333
0 0.2671875 0.33958333333333335 0.05625 0.07916666666666666
0 0.25 0.27708333333333335 0.025 0.0375
0 0.1078125 0.46875 0.04375 0.0625
0 0.4390625 0.20833333333333334 0.025 0.03333333333333333
