0 0.7015625 0.21770833333333334 0.025 0.03125
0 0.64765625 0.2604166666666667 0.0421875 0.05416666666666667
0 0.303125 0.21979166666666666 0.028125 0.035416666666666666
0 0.5453125 0.35520833333333335 0.05 0.08541666666666667
0 0.43828125 0.21458333333333332 0.0296875 0.025
0 0.1109375 0.47708333333333336 0.0375 0.058333333333333334
0 0.7015625 0.21770833333333334 0.025 0.03125
0 0.64765625 0.2604166666666667 0.0421875 0.05416666666666667
0 0.303125 0.21979166666666666 0.028125 0.035416666666666666
0 0.5453125 0.35520833333333335 0.05 0.08541666666666667
0 0.43828125 0.21458333333333332 0.0296875 0.025
0 0.1109375 0.47708333333333336 0.0375 0.058333333333333334
