0 0.64375 0.2552083333333333 0.03125 0.04791666666666667
0 0.82578125 0.31875 0.0390625 0.05416666666666667
0 0.55859375 0.34375 0.0421875 0.0875
0 0.43828125 0.2125 0.0265625 0.020833333333333332
0 0.25546875 0.271875 0.0234375 0.035416666666666666
0 0.26171875 0.38229166666666664 0.0578125 0.09375
0 0.14765625 0.5104166666666666 0.0640625 0.10416666666666667
0 0.11484375 0.47291666666666665 0.0421875 0.07083333333333333
0 0.64375 0.2552083333333333 0.03125 0.04791666666666667
0 0.82578125 0.31875 0.0390625 0.05416666666666667
0 0.55859375 0.34375 0.0421875 0.0875
0 0.43828125 0.2125 0.0265625 0.020833333333333332
0 0.25546875 0.271875 0.0234375 0.035416666666666666
0 0.26171875 0.38229166666666664 0.0578125 0.09375
0 0.14765625 0.5104166666666666 0.0640625 0.10416666666666667
0 0.11484375 0.47291666666666665 0.0421875 0.07083333333333333
