0 0.271875 0.21770833333333334 0.025 0.03125
0 0.25546875 0.26979166666666665 0.0265625 0.03958333333333333
0 0.371875 0.27708333333333335 0.028125 0.041666666666666664
0 0.34453125 0.34270833333333334 0.0359375 0.04791666666666667
0 0.33046875 0.425 0.0421875 0.06666666666666667
0 0.16875 0.3958333333333333 0.034375 0.04583333333333333
0 0.15546875 0.434375 0.0546875 0.08125
0 0.43828125 0.33958333333333335 0.0328125 0.04583333333333333
0 0.38203125 0.54375 0.0703125 0.10416666666666667
0 0.68671875 0.246875 0.0234375 0.03958333333333333
0 0.734375 0.221875 0.028125 0.035416666666666666
0 0.7359375 0.2552083333333333 0.03125 0.04375
0 0.6203125 0.26145833333333335 0.03125 0.04375
0 0.75390625 0.425 0.0546875 0.09166666666666666
0 0.54453125 0.3458333333333333 0.0546875 0.06666666666666667
0 0.525 0.38645833333333335 0.053125 0.08541666666666667
0 0.5125 0.4583333333333333 0.065625 0.1
0 0.271875 0.21770833333333334 0.025 0.03125
0 0.25546875 0.26979166666666665 0.0265625 0.03958333333333333
0 0.371875 0.27708333333333335 0.028125 0.041666666666666664
0 0.34453125 0.34270833333333334 0.0359375 0.04791666666666667
0 0.33046875 0.425 0.0421875 0.06666666666666667
0 0.16875 0.3958333333333333 0.034375 0.04583333333333333
0 0.15546875 0.434375 0.0546875 0.08125
0 0.43828125 0.33958333333333335 0.0328125 0.04583333333333333
0 0.38203125 0.54375 0.0703125 0.10416666666666667
0 0.68671875 0.246875 0.0234375 0.03958333333333333
0 0.734375 0.221875 0.028125 0.035416666666666666
0 0.7359375 0.2552083333333333 0.03125 0.04375
0 0.6203125 0.26145833333333335 0.03125 0.04375
0 0.75390625 0.425 0.0546875 0.09166666666666666
0 0.54453125 0.3458333333333333 0.0546875 0.06666666666666667
0 0.525 0.38645833333333335 0.053125 0.08541666666666667
0 0.5125 0.4583333333333333 0.065625 0.1
