0 0.61484375 0.240625 0.0265625 0.03958333333333333
0 0.271875 0.22083333333333333 0.025 0.0375
0 0.25625 0.26875 0.028125 0.04583333333333333
0 0.17265625 0.390625 0.0359375 0.06041666666666667
0 0.33828125 0.33958333333333335 0.0359375 0.05416666666666667
0 0.4328125 0.33958333333333335 0.034375 0.058333333333333334
0 0.35546875 0.428125 0.0484375 0.06875
0 0.58671875 0.3375 0.0546875 0.08333333333333333
0 0.56015625 0.40520833333333334 0.0515625 0.08541666666666667
0 0.7359375 0.4125 0.065625 0.1
0 0.55859375 0.7208333333333333 0.0765625 0.14583333333333334
0 0.10234375 0.4947916666666667 0.0453125 0.06458333333333334
0 0.61484375 0.240625 0.0265625 0.03958333333333333
0 0.271875 0.22083333333333333 0.025 0.0375
0 0.25625 0.26875 0.028125 0.04583333333333333
0 0.17265625 0.390625 0.0359375 0.06041666666666667
0 0.33828125 0.33958333333333335 0.0359375 0.05416666666666667
0 0.4328125 0.33958333333333335 0.034375 0.058333333333333334
0 0.35546875 0.428125 0.0484375 0.06875
0 0.58671875 0.3375 0.0546875 0.08333333333333333
0 0.56015625 0.40520833333333334 0.0515625 0.08541666666666667
0 0.7359375 0.4125 0.065625 0.1
0 0.55859375 0.7208333333333333 0.0765625 0.14583333333333334
0 0.10234375 0.4947916666666667 0.0453125 0.06458333333333334
