0 0.73671875 0.24583333333333332 0.0296875 0.041666666666666664
0 0.81875 0.28229166666666666 0.025 0.03958333333333333
0 0.68984375 0.24479166666666666 0.0234375 0.03958333333333333
0 0.6125 0.2552083333333333 0.028125 0.03958333333333333
0 0.52578125 0.29270833333333335 0.0328125 0.06041666666666667
0 0.4359375 0.334375 0.034375 0.04375
0 0.3484375 0.340625 0.040625 0.04791666666666667
0 0.334375 0.42604166666666665 0.046875 0.06458333333333334
0 0.44765625 0.6427083333333333 0.0921875 0.13125
0 0.57890625 0.740625 0.0890625 0.11458333333333333
0 0.26953125 0.21875 0.0203125 0.03333333333333333
0 0.2546875 0.265625 0.021875 0.035416666666666666
0 0.2171875 0.38229166666666664 0.040625 0.05625
0 0.1578125 0.35104166666666664 0.065625 0.09375
0 0.1046875 0.48333333333333334 0.04375 0.07083333333333333
0 0.73671875 0.24583333333333332 0.0296875 0.041666666666666664
0 0.81875 0.28229166666666666 0.025 0.03958333333333333
0 0.68984375 0.24479166666666666 0.0234375 0.03958333333333333
0 0.6125 0.2552083333333333 0.028125 0.03958333333333333
0 0.52578125 0.29270833333333335 0.0328125 0.06041666666666667
0 0.4359375 0.334375 0.034375 0.04375
0 0.3484375 0.340625 0.040625 0.04791666666666667
0 0.334375 0.42604166666666665 0.046875 0.06458333333333334
0 0.44765625 0.6427083333333333 0.0921875 0.13125
0 0.57890625 0.740625 0.0890625 0.11458333333333333
0 0.26953125 0.21875 0.0203125 0.03333333333333333
0 0.2546875 0.265625 0.021875 0.035416666666666666
0 0.2171875 0.38229166666666664 0.040625 0.05625
0 0.1578125 0.35104166666666664 0.065625 0.09375
0 0.1046875 0.48333333333333334 0.04375 0.07083333333333333
