0 0.27265625 0.21770833333333334 0.0203125 0.03125
0 0.25703125 0.2708333333333333 0.0265625 0.041666666666666664
0 0.1328125 0.4583333333333333 0.0375 0.06666666666666667
0 0.334375 0.2833333333333333 0.025 0.041666666666666664
0 0.36796875 0.33645833333333336 0.0328125 0.04791666666666667
0 0.43046875 0.334375 0.0328125 0.04791666666666667
0 0.34140625 0.425 0.0421875 0.0625
0 0.53125 0.42604166666666665 0.053125 0.08125
0 0.61640625 0.2552083333333333 0.0234375 0.04375
0 0.74609375 0.225 0.0265625 0.0375
0 0.74765625 0.24270833333333333 0.0296875 0.035416666666666666
0 0.27265625 0.21770833333333334 0.0203125 0.03125
0 0.25703125 0.2708333333333333 0.0265625 0.041666666666666664
0 0.1328125 0.4583333333333333 0.0375 0.06666666666666667
0 0.334375 0.2833333333333333 0.025 0.041666666666666664
0 0.36796875 0.33645833333333336 0.0328125 0.04791666666666667
0 0.43046875 0.334375 0.0328125 0.04791666666666667
0 0.34140625 0.425 0.0421875 0.0625
0 0.53125 0.42604166666666665 0.053125 0.08125
0 0.61640625 0.2552083333333333 0.0234375 0.04375
0 0.74609375 0.225 0.0265625 0.0375
0 0.74765625 0.24270833333333333 0.0296875 0.035416666666666666
