0 0.2796875 0.21666666666666667 0.025 0.029166666666666667
0 0.25546875 0.2677083333333333 0.0265625 0.03958333333333333
0 0.1609375 0.403125 0.0375 0.04791666666666667
0 0.11953125 0.409375 0.0640625 0.09375
0 0.340625 0.346875 0.0375 0.04791666666666667
0 0.45 0.33541666666666664 0.034375 0.05
0 0.54375 0.23541666666666666 0.03125 0.04583333333333333
0 0.6125 0.2552083333333333 0.03125 0.04375
0 0.74921875 0.24583333333333332 0.0328125 0.041666666666666664
0 0.78359375 0.4354166666666667 0.0578125 0.0875
0 0.2796875 0.21666666666666667 0.025 0.029166666666666667
0 0.25546875 0.2677083333333333 0.0265625 0.03958333333333333
0 0.1609375 0.403125 0.0375 0.04791666666666667
0 0.11953125 0.409375 0.0640625 0.09375
0 0.340625 0.346875 0.0375 0.04791666666666667
0 0.45 0.33541666666666664 0.034375 0.05
0 0.54375 0.23541666666666666 0.03125 0.04583333333333333
0 0.6125 0.2552083333333333 0.03125 0.04375
0 0.74921875 0.24583333333333332 0.0328125 0.041666666666666664
0 0.78359375 0.4354166666666667 0.0578125 0.0875
