0 0.69609375 0.21875 0.0234375 0.03333333333333333
0 0.6859375 0.24895833333333334 0.021875 0.035416666666666666
0 0.74453125 0.24479166666666666 0.0296875 0.04791666666666667
0 0.9640625 0.49270833333333336 0.046875 0.08541666666666667
0 0.7328125 0.7229166666666667 0.1 0.15
0 0.44140625 0.3302083333333333 0.0328125 0.052083333333333336
0 0.16328125 0.39895833333333336 0.0390625 0.05625
0 0.22421875 0.5041666666666667 0.0484375 0.05416666666666667
0 0.6203125 0.25625 0.028125 0.041666666666666664
0 0.26015625 0.2708333333333333 0.0296875 0.04583333333333333
0 0.69609375 0.21875 0.0234375 0.03333333333333333
0 0.6859375 0.24895833333333334 0.021875 0.035416666666666666
0 0.74453125 0.24479166666666666 0.0296875 0.04791666666666667
0 0.9640625 0.49270833333333336 0.046875 0.08541666666666667
0 0.7328125 0.7229166666666667 0.1 0.15
0 0.44140625 0.3302083333333333 0.0328125 0.052083333333333336
0 0.16328125 0.39895833333333336 0.0390625 0.05625
0 0.22421875 0.5041666666666667 0.0484375 0.05416666666666667
0 0.6203125 0.25625 0.028125 0.041666666666666664
0 0.26015625 0.2708333333333333 0.0296875 0.04583333333333333
