0 0.26953125 0.21979166666666666 0.0265625 0.035416666666666666
0 0.25390625 0.271875 0.0265625 0.03958333333333333
0 0.34453125 0.275 0.0296875 0.041666666666666664
0 0.1703125 0.39375 0.0375 0.05
0 0.1359375 0.46458333333333335 0.0375 0.0625
0 0.3734375 0.34375 0.034375 0.04583333333333333
0 0.33984375 0.4270833333333333 0.0421875 0.058333333333333334
0 0.4359375 0.3375 0.0375 0.05416666666666667
0 0.45859375 0.39479166666666665 0.0640625 0.08958333333333333
0 0.6171875 0.2552083333333333 0.03125 0.03958333333333333
0 0.5859375 0.2520833333333333 0.0375 0.05416666666666667
0 0.74765625 0.21770833333333334 0.0296875 0.03125
0 0.7484375 0.25 0.03125 0.041666666666666664
0 0.759375 0.4083333333333333 0.053125 0.08333333333333333
0 0.26953125 0.21979166666666666 0.0265625 0.035416666666666666
0 0.25390625 0.271875 0.0265625 0.03958333333333333
0 0.34453125 0.275 0.0296875 0.041666666666666664
0 0.1703125 0.39375 0.0375 0.05
0 0.1359375 0.46458333333333335 0.0375 0.0625
0 0.3734375 0.34375 0.034375 0.04583333333333333
0 0.33984375 0.4270833333333333 0.0421875 0.058333333333333334
0 0.4359375 0.3375 0.0375 0.05416666666666667
0 0.45859375 0.39479166666666665 0.0640625 0.08958333333333333
0 0.6171875 0.2552083333333333 0.03125 0.03958333333333333
0 0.5859375 0.2520833333333333 0.0375 0.05416666666666667
0 0.74765625 0.21770833333333334 0.0296875 0.03125
0 0.7484375 0.25 0.03125 0.041666666666666664
0 0.759375 0.4083333333333333 0.053125 0.08333333333333333
