0 0.59296875 0.31875 0.0390625 0.05416666666666667
0 0.634375 0.26875 0.03125 0.04583333333333333
0 0.67265625 0.21979166666666666 0.0265625 0.035416666666666666
0 0.734375 0.24583333333333332 0.0375 0.04583333333333333
0 0.7640625 0.42083333333333334 0.05625 0.09166666666666666
0 0.49609375 0.42604166666666665 0.0671875 0.09375
0 0.434375 0.33541666666666664 0.03125 0.05
0 0.340625 0.421875 0.046875 0.07291666666666667
0 0.34140625 0.28125 0.0328125 0.0375
0 0.27421875 0.21770833333333334 0.0234375 0.03125
0 0.2515625 0.26979166666666665 0.03125 0.04375
0 0.1703125 0.38958333333333334 0.0375 0.05
0 0.1484375 0.2677083333333333 0.025 0.03958333333333333
0 0.34296875 0.3541666666666667 0.0328125 0.041666666666666664
0 0.59296875 0.31875 0.0390625 0.05416666666666667
0 0.634375 0.26875 0.03125 0.04583333333333333
0 0.67265625 0.21979166666666666 0.0265625 0.035416666666666666
0 0.734375 0.24583333333333332 0.0375 0.04583333333333333
0 0.7640625 0.42083333333333334 0.05625 0.09166666666666666
0 0.49609375 0.42604166666666665 0.0671875 0.09375
0 0.434375 0.33541666666666664 0.03125 0.05
0 0.340625 0.421875 0.046875 0.07291666666666667
0 0.34140625 0.28125 0.0328125 0.0375
0 0.27421875 0.21770833333333334 0.0234375 0.03125
0 0.2515625 0.26979166666666665 0.03125 0.04375
0 0.1703125 0.38958333333333334 0.0375 0.05
0 0.1484375 0.2677083333333333 0.025 0.03958333333333333
0 0.34296875 0.3541666666666667 0.0328125 0.041666666666666664
