0 0.76015625 0.44166666666666665 0.0703125 0.09583333333333334
0 0.7421875 0.21458333333333332 0.021875 0.025
0 0.721875 0.24270833333333333 0.021875 0.035416666666666666
0 0.67890625 0.24166666666666667 0.0234375 0.0375
0 0.615625 0.253125 0.021875 0.035416666666666666
0 0.534375 0.3927083333333333 0.0625 0.08958333333333333
0 0.43125 0.3385416666666667 0.0375 0.04791666666666667
0 0.340625 0.346875 0.034375 0.052083333333333336
0 0.171875 0.39791666666666664 0.03125 0.05
0 0.2609375 0.275 0.025 0.03333333333333333
0 0.28046875 0.215625 0.0265625 0.027083333333333334
0 0.76015625 0.44166666666666665 0.0703125 0.09583333333333334
0 0.7421875 0.21458333333333332 0.021875 0.025
0 0.721875 0.24270833333333333 0.021875 0.035416666666666666
0 0.67890625 0.24166666666666667 0.0234375 0.0375
0 0.615625 0.253125 0.021875 0.035416666666666666
0 0.534375 0.3927083333333333 0.0625 0.08958333333333333
0 0.43125 0.3385416666666667 0.0375 0.04791666666666667
0 0.340625 0.346875 0.034375 0.052083333333333336
0 0.171875 0.39791666666666664 0.03125 0.05
0 0.2609375 0.275 0.025 0.03333333333333333
0 0.28046875 0.215625 0.0265625 0.027083333333333334
