0 0.7234375 0.23125 0.025 0.0375
0 0.6125 0.25729166666666664 0.025 0.04375
0 0.57421875 0.5135416666666667 0.0703125 0.10625
0 0.22109375 0.5020833333333333 0.1046875 0.1375
0 0.48984375 0.33645833333333336 0.0359375 0.052083333333333336
0 0.45625 0.33541666666666664 0.03125 0.04583333333333333
0 0.3453125 0.28229166666666666 0.0375 0.04375
0 0.25546875 0.26979166666666665 0.0234375 0.03958333333333333
0 0.7234375 0.23125 0.025 0.0375
0 0.6125 0.25729166666666664 0.025 0.04375
0 0.57421875 0.5135416666666667 0.0703125 0.10625
0 0.22109375 0.5020833333333333 0.1046875 0.1375
0 0.48984375 0.33645833333333336 0.0359375 0.052083333333333336
0 0.45625 0.33541666666666664 0.03125 0.04583333333333333
0 0.3453125 0.28229166666666666 0.0375 0.04375
0 0.25546875 0.26979166666666665 0.0234375 0.03958333333333333
