0 0.2703125 0.22395833333333334 0.021875 0.03958333333333333
0 0.25546875 0.26875 0.0234375 0.0375
0 0.3609375 0.27291666666666664 0.03125 0.041666666666666664
0 0.37265625 0.33541666666666664 0.0359375 0.05416666666666667
0 0.43671875 0.3333333333333333 0.0359375 0.05
0 0.17109375 0.40208333333333335 0.0359375 0.05416666666666667
0 0.1296875 0.4625 0.0375 0.058333333333333334
0 0.315625 0.475 0.05 0.07083333333333333
0 0.6265625 0.2677083333333333 0.028125 0.03958333333333333
0 0.70546875 0.21770833333333334 0.0265625 0.03125
0 0.74921875 0.246875 0.0328125 0.03958333333333333
0 0.59375 0.325 0.040625 0.06666666666666667
0 0.2703125 0.22395833333333334 0.021875 0.03958333333333333
0 0.25546875 0.26875 0.0234375 0.0375
0 0.3609375 0.27291666666666664 0.03125 0.041666666666666664
0 0.37265625 0.33541666666666664 0.0359375 0.05416666666666667
0 0.43671875 0.3333333333333333 0.0359375 0.05
0 0.17109375 0.40208333333333335 0.0359375 0.05416666666666667
0 0.1296875 0.4625 0.0375 0.058333333333333334
0 0.315625 0.475 0.05 0.07083333333333333
0 0.6265625 0.2677083333333333 0.028125 0.03958333333333333
0 0.70546875 0.21770833333333334 0.0265625 0.03125
0 0.74921875 0.246875 0.0328125 0.03958333333333333
0 0.59375 0.325 0.040625 0.06666666666666667
