0 0.45390625 0.3645833333333333 0.0359375 0.05416666666666667
0 0.334375 0.425 0.040625 0.0625
0 0.2 0.46041666666666664 0.040625 0.0625
0 0.72578125 0.221875 0.0234375 0.035416666666666666
0 0.7453125 0.24166666666666667 0.03125 0.041666666666666664
0 0.6109375 0.221875 0.03125 0.03958333333333333
0 0.9703125 0.46875 0.04375 0.075
0 0.45390625 0.3645833333333333 0.0359375 0.05416666666666667
0 0.334375 0.425 0.040625 0.0625
0 0.2 0.46041666666666664 0.040625 0.0625
0 0.72578125 0.221875 0.0234375 0.035416666666666666
0 0.7453125 0.24166666666666667 0.03125 0.041666666666666664
0 0.6109375 0.221875 0.03125 0.03958333333333333
0 0.9703125 0.46875 0.04375 0.075
