0 0.746875 0.28229166666666666 0.028125 0.04375
0 0.6234375 0.25833333333333336 0.028125 0.0375
0 0.56328125 0.27708333333333335 0.0421875 0.0625
0 0.43203125 0.328125 0.0359375 0.052083333333333336
0 0.38203125 0.35104166666666664 0.0359375 0.052083333333333336
0 0.25390625 0.4083333333333333 0.0421875 0.058333333333333334
0 0.19921875 0.46041666666666664 0.0609375 0.1125
0 0.24765625 0.671875 0.1078125 0.12708333333333333
0 0.346875 0.45625 0.05 0.07916666666666666
0 0.48671875 0.45 0.0703125 0.1
0 0.728125 0.45208333333333334 0.0625 0.1125
0 0.61171875 0.540625 0.0890625 0.12291666666666666
0 0.746875 0.28229166666666666 0.028125 0.04375
0 0.6234375 0.25833333333333336 0.028125 0.0375
0 0.56328125 0.27708333333333335 0.0421875 0.0625
0 0.43203125 0.328125 0.0359375 0.052083333333333336
0 0.38203125 0.35104166666666664 0.0359375 0.052083333333333336
0 0.25390625 0.4083333333333333 0.0421875 0.058333333333333334
0 0.19921875 0.46041666666666664 0.0609375 0.1125
0 0.24765625 0.671875 0.1078125 0.12708333333333333
0 0.346875 0.45625 0.05 0.07916666666666666
0 0.48671875 0.45 0.0703125 0.1
0 0.728125 0.45208333333333334 0.0625 0.1125
0 0.61171875 0.540625 0.0890625 0.12291666666666666
