0 0.740625 0.246875 0.03125 0.03958333333333333
0 0.690625 0.27291666666666664 0.025 0.0375
0 0.6296875 0.26145833333333335 0.028125 0.03958333333333333
0 0.5640625 0.23854166666666668 0.040625 0.06458333333333334
0 0.43125 0.33541666666666664 0.0375 0.04583333333333333
0 0.3625 0.3416666666666667 0.0375 0.058333333333333334
0 0.3421875 0.2864583333333333 0.0375 0.04375
0 0.25703125 0.2635416666666667 0.0234375 0.04375
0 0.16015625 0.3875 0.0390625 0.04583333333333333
0 0.18828125 0.44895833333333335 0.0421875 0.052083333333333336
0 0.6859375 0.70625 0.090625 0.1375
0 0.740625 0.246875 0.03125 0.03958333333333333
0 0.690625 0.27291666666666664 0.025 0.0375
0 0.6296875 0.26145833333333335 0.028125 0.03958333333333333
0 0.5640625 0.23854166666666668 0.040625 0.06458333333333334
0 0.43125 0.33541666666666664 0.0375 0.04583333333333333
0 0.3625 0.3416666666666667 0.0375 0.058333333333333334
0 0.3421875 0.2864583333333333 0.0375 0.04375
0 0.25703125 0.2635416666666667 0.0234375 0.04375
0 0.16015625 0.3875 0.0390625 0.04583333333333333
0 0.18828125 0.44895833333333335 0.0421875 0.052083333333333336
0 0.6859375 0.70625 0.090625 0.1375
