0 0.7796875 0.425 0.08125 0.1
0 0.34453125 0.42083333333333334 0.0484375 0.06666666666666667
0 0.44453125 0.37083333333333335 0.0484375 0.07083333333333333
0 0.60546875 0.24791666666666667 0.0484375 0.058333333333333334
0 0.20234375 0.453125 0.0546875 0.07291666666666667
0 0.3359375 0.275 0.046875 0.05
0 0.2 0.2989583333333333 0.040625 0.052083333333333336
0 0.2703125 0.234375 0.0375 0.052083333333333336
0 0.7796875 0.425 0.08125 0.1
0 0.34453125 0.42083333333333334 0.0484375 0.06666666666666667
0 0.44453125 0.37083333333333335 0.0484375 0.07083333333333333
0 0.60546875 0.24791666666666667 0.0484375 0.058333333333333334
0 0.20234375 0.453125 0.0546875 0.07291666666666667
0 0.3359375 0.275 0.046875 0.05
0 0.2 0.2989583333333333 0.040625 0.052083333333333336
0 0.2703125 0.234375 0.0375 0.052083333333333336
