0 0.675 0.228125 0.025 0.03958333333333333
0 0.746875 0.22083333333333333 0.021875 0.0375
0 0.74921875 0.246875 0.0265625 0.04791666666666667
0 0.73828125 0.4427083333333333 0.0734375 0.10625
0 0.63203125 0.23333333333333334 0.0265625 0.04583333333333333
0 0.24375 0.3885416666666667 0.040625 0.06458333333333334
0 0.184375 0.45 0.04375 0.06666666666666667
0 0.190625 0.5635416666666667 0.084375 0.11458333333333333
0 0.3640625 0.33645833333333336 0.034375 0.052083333333333336
0 0.4375 0.3302083333333333 0.03125 0.05625
0 0.35546875 0.428125 0.0453125 0.07291666666666667
0 0.46953125 0.5625 0.0890625 0.125
0 0.54921875 0.4791666666666667 0.0859375 0.1125
0 0.5765625 0.28958333333333336 0.04375 0.058333333333333334
0 0.675 0.228125 0.025 0.03958333333333333
0 0.746875 0.22083333333333333 0.021875 0.0375
0 0.74921875 0.246875 0.0265625 0.04791666666666667
0 0.73828125 0.4427083333333333 0.0734375 0.10625
0 0.63203125 0.23333333333333334 0.0265625 0.04583333333333333
0 0.24375 0.3885416666666667 0.040625 0.06458333333333334
0 0.184375 0.45 0.04375 0.06666666666666667
0 0.190625 0.5635416666666667 0.084375 0.11458333333333333
0 0.3640625 0.33645833333333336 0.034375 0.052083333333333336
0 0.4375 0.3302083333333333 0.03125 0.05625
0 0.35546875 0.428125 0.0453125 0.07291666666666667
0 0.46953125 0.5625 0.0890625 0.125
0 0.54921875 0.4791666666666667 0.0859375 0.1125
0 0.5765625 0.28958333333333336 0.04375 0.058333333333333334
