0 0.73515625 0.24166666666666667 0.0296875 0.041666666666666664
0 0.61875 0.24583333333333332 0.03125 0.03333333333333333
0 0.5875 0.29791666666666666 0.04375 0.07083333333333333
0 0.43359375 0.32916666666666666 0.0359375 0.041666666666666664
0 0.3703125 0.2677083333333333 0.025 0.04375
0 0.37109375 0.33541666666666664 0.0390625 0.05416666666666667
0 0.2578125 0.26666666666666666 0.028125 0.04583333333333333
0 0.15703125 0.4125 0.0609375 0.09166666666666666
0 0.60078125 0.6708333333333333 0.0796875 0.1
0 0.7921875 0.725 0.109375 0.15833333333333333
0 0.709375 0.209375 0.025 0.014583333333333334
0 0.73515625 0.24166666666666667 0.0296875 0.041666666666666664
0 0.61875 0.24583333333333332 0.03125 0.03333333333333333
0 0.5875 0.29791666666666666 0.04375 0.07083333333333333
0 0.43359375 0.32916666666666666 0.0359375 0.041666666666666664
0 0.3703125 0.2677083333333333 0.025 0.04375
0 0.37109375 0.33541666666666664 0.0390625 0.05416666666666667
0 0.2578125 0.26666666666666666 0.028125 0.04583333333333333
0 0.15703125 0.4125 0.0609375 0.09166666666666666
0 0.60078125 0.6708333333333333 0.0796875 0.1
0 0.7921875 0.725 0.109375 0.15833333333333333
0 0.709375 0.209375 0.025 0.014583333333333334
