0 0.171875 0.396875 0.040625 0.05625
0 0.20234375 0.4625 0.0453125 0.0625
0 0.34375 0.42604166666666665 0.040625 0.06458333333333334
0 0.60390625 0.25416666666666665 0.0390625 0.05
0 0.69375 0.24895833333333334 0.028125 0.035416666666666666
0 0.74140625 0.24583333333333332 0.0328125 0.041666666666666664
0 0.62578125 0.3375 0.0390625 0.05416666666666667
0 0.171875 0.396875 0.040625 0.05625
0 0.20234375 0.4625 0.0453125 0.0625
0 0.34375 0.42604166666666665 0.040625 0.06458333333333334
0 0.60390625 0.25416666666666665 0.0390625 0.05
0 0.69375 0.24895833333333334 0.028125 0.035416666666666666
0 0.74140625 0.24583333333333332 0.0328125 0.041666666666666664
0 0.62578125 0.3375 0.0390625 0.05416666666666667
