0 0.609375 0.215625 0.025 0.027083333333333334
0 0.6 0.253125 0.034375 0.04791666666666667
0 0.7375 0.24375 0.034375 0.041666666666666664
0 0.16484375 0.3885416666666667 0.0390625 0.052083333333333336
0 0.340625 0.42604166666666665 0.040625 0.05625
0 0.19921875 0.46041666666666664 0.0421875 0.0625
0 0.1671875 0.5145833333333333 0.04375 0.07083333333333333
0 0.09375 0.5072916666666667 0.075 0.10625
0 0.48359375 0.3572916666666667 0.0578125 0.10625
0 0.7890625 0.425 0.05625 0.075
0 0.609375 0.215625 0.025 0.027083333333333334
0 0.6 0.253125 0.034375 0.04791666666666667
0 0.7375 0.24375 0.034375 0.041666666666666664
0 0.16484375 0.3885416666666667 0.0390625 0.052083333333333336
0 0.340625 0.42604166666666665 0.040625 0.05625
0 0.19921875 0.46041666666666664 0.0421875 0.0625
0 0.1671875 0.5145833333333333 0.04375 0.07083333333333333
0 0.09375 0.5072916666666667 0.075 0.10625
0 0.48359375 0.3572916666666667 0.0578125 0.10625
0 0.7890625 0.425 0.05625 0.075
