0 0.68984375 0.23958333333333334 0.0265625 0.03333333333333333
0 0.72578125 0.29270833333333335 0.0296875 0.04375
0 0.75234375 0.42604166666666665 0.0640625 0.09375
0 0.83671875 0.7333333333333333 0.1078125 0.125
0 0.51640625 0.425 0.0734375 0.09166666666666666
0 0.44609375 0.3333333333333333 0.0359375 0.041666666666666664
0 0.365625 0.33541666666666664 0.0375 0.04583333333333333
0 0.33203125 0.271875 0.0296875 0.03958333333333333
0 0.3421875 0.4239583333333333 0.040625 0.06458333333333334
0 0.19921875 0.45625 0.0390625 0.0625
0 0.1578125 0.5208333333333334 0.04375 0.07083333333333333
0 0.68984375 0.23958333333333334 0.0265625 0.03333333333333333
0 0.72578125 0.29270833333333335 0.0296875 0.04375
0 0.75234375 0.42604166666666665 0.0640625 0.09375
0 0.83671875 0.7333333333333333 0.1078125 0.125
0 0.51640625 0.425 0.0734375 0.09166666666666666
0 0.44609375 0.3333333333333333 0.0359375 0.041666666666666664
0 0.365625 0.33541666666666664 0.0375 0.04583333333333333
0 0.33203125 0.271875 0.0296875 0.03958333333333333
0 0.3421875 0.4239583333333333 0.040625 0.06458333333333334
0 0.19921875 0.45625 0.0390625 0.0625
0 0.1578125 0.5208333333333334 0.04375 0.07083333333333333
