0 0.33828125 0.27708333333333335 0.0265625 0.041666666666666664
0 0.18359375 0.303125 0.0359375 0.04375
0 0.2171875 0.425 0.04375 0.0625
0 0.3265625 0.4625 0.04375 0.06666666666666667
0 0.57734375 0.3229166666666667 0.0484375 0.075
0 0.621875 0.25833333333333336 0.03125 0.041666666666666664
0 0.68359375 0.23854166666666668 0.0265625 0.03958333333333333
0 0.73203125 0.278125 0.0328125 0.04375
0 0.778125 0.42916666666666664 0.053125 0.075
0 0.7625 0.7552083333333334 0.103125 0.10625
0 0.33828125 0.27708333333333335 0.0265625 0.041666666666666664
0 0.18359375 0.303125 0.0359375 0.04375
0 0.2171875 0.425 0.04375 0.0625
0 0.3265625 0.4625 0.04375 0.06666666666666667
0 0.57734375 0.3229166666666667 0.0484375 0.075
0 0.621875 0.25833333333333336 0.03125 0.041666666666666664
0 0.68359375 0.23854166666666668 0.0265625 0.03958333333333333
0 0.73203125 0.278125 0.0328125 0.04375
0 0.778125 0.42916666666666664 0.053125 0.075
0 0.7625 0.7552083333333334 0.103125 0.10625
