0 0.2359375 0.23958333333333334 0.034375 0.0375
0 0.22578125 0.2989583333333333 0.0328125 0.052083333333333336
0 0.22421875 0.453125 0.0390625 0.05625
0 0.446875 0.35833333333333334 0.040625 0.0625
0 0.55234375 0.2989583333333333 0.0390625 0.06458333333333334
0 0.59921875 0.24791666666666667 0.0359375 0.0375
0 0.7578125 0.24583333333333332 0.028125 0.041666666666666664
0 0.7421875 0.26458333333333334 0.03125 0.041666666666666664
0 0.74375 0.28541666666666665 0.034375 0.041666666666666664
0 0.77578125 0.425 0.0578125 0.09583333333333334
0 0.2359375 0.23958333333333334 0.034375 0.0375
0 0.22578125 0.2989583333333333 0.0328125 0.052083333333333336
0 0.22421875 0.453125 0.0390625 0.05625
0 0.446875 0.35833333333333334 0.040625 0.0625
0 0.55234375 0.2989583333333333 0.0390625 0.06458333333333334
0 0.59921875 0.24791666666666667 0.0359375 0.0375
0 0.7578125 0.24583333333333332 0.028125 0.041666666666666664
0 0.7421875 0.26458333333333334 0.03125 0.041666666666666664
0 0.74375 0.28541666666666665 0.034375 0.041666666666666664
0 0.77578125 0.425 0.0578125 0.09583333333333334
