0 0.7359375 0.275 0.034375 0.04583333333333333
0 0.61015625 0.25625 0.0390625 0.04583333333333333
0 0.6359375 0.21875 0.028125 0.03333333333333333
0 0.54140625 0.65625 0.0796875 0.11666666666666667
0 0.51328125 0.49895833333333334 0.0796875 0.11041666666666666
0 0.46328125 0.2125 0.0296875 0.020833333333333332
0 0.3359375 0.275 0.028125 0.041666666666666664
0 0.3546875 0.425 0.046875 0.07083333333333333
0 0.22734375 0.43645833333333334 0.0453125 0.06041666666666667
0 0.18046875 0.30625 0.0359375 0.05416666666666667
0 0.7359375 0.275 0.034375 0.04583333333333333
0 0.61015625 0.25625 0.0390625 0.04583333333333333
0 0.6359375 0.21875 0.028125 0.03333333333333333
0 0.54140625 0.65625 0.0796875 0.11666666666666667
0 0.51328125 0.49895833333333334 0.0796875 0.11041666666666666
0 0.46328125 0.2125 0.0296875 0.020833333333333332
0 0.3359375 0.275 0.028125 0.041666666666666664
0 0.3546875 0.425 0.046875 0.07083333333333333
0 0.22734375 0.43645833333333334 0.0453125 0.06041666666666667
0 0.18046875 0.30625 0.0359375 0.05416666666666667
