0 0.35703125 0.26458333333333334 0.0296875 0.04583333333333333
0 0.18203125 0.30416666666666664 0.0359375 0.041666666666666664
0 0.20234375 0.44166666666666665 0.0359375 0.058333333333333334
0 0.340625 0.41875 0.046875 0.058333333333333334
0 0.5734375 0.34270833333333334 0.040625 0.07291666666666667
0 0.6703125 0.25104166666666666 0.021875 0.04375
0 0.74765625 0.23333333333333334 0.0296875 0.04583333333333333
0 0.69765625 0.2791666666666667 0.0296875 0.041666666666666664
0 0.81328125 0.29375 0.0296875 0.05
0 0.62421875 0.265625 0.0359375 0.04791666666666667
0 0.35703125 0.26458333333333334 0.0296875 0.04583333333333333
0 0.18203125 0.30416666666666664 0.0359375 0.041666666666666664
0 0.20234375 0.44166666666666665 0.0359375 0.058333333333333334
0 0.340625 0.41875 0.046875 0.058333333333333334
0 0.5734375 0.34270833333333334 0.040625 0.07291666666666667
0 0.6703125 0.25104166666666666 0.021875 0.04375
0 0.74765625 0.23333333333333334 0.0296875 0.04583333333333333
0 0.69765625 0.2791666666666667 0.0296875 0.041666666666666664
0 0.81328125 0.29375 0.0296875 0.05
0 0.62421875 0.265625 0.0359375 0.04791666666666667
