0 0.18125 0.30625 0.034375 0.041666666666666664
0 0.23984375 0.3927083333333333 0.0484375 0.06458333333333334
0 0.1515625 0.4395833333333333 0.053125 0.1
0 0.36015625 0.42604166666666665 0.0421875 0.07291666666666667
0 0.60546875 0.24791666666666667 0.0328125 0.041666666666666664
0 0.55 0.3572916666666667 0.04375 0.05625
0 0.18125 0.30625 0.034375 0.041666666666666664
0 0.23984375 0.3927083333333333 0.0484375 0.06458333333333334
0 0.1515625 0.4395833333333333 0.053125 0.1
0 0.36015625 0.42604166666666665 0.0421875 0.07291666666666667
0 0.60546875 0.24791666666666667 0.0328125 0.041666666666666664
0 0.55 0.3572916666666667 0.04375 0.05625
