0 0.18046875 0.30625 0.0390625 0.05
0 0.346875 0.26666666666666666 0.0375 0.041666666666666664
0 0.15546875 0.378125 0.0515625 0.06875
0 0.334375 0.4239583333333333 0.04375 0.06041666666666667
0 0.73046875 0.2375 0.0390625 0.05
0 0.80390625 0.44583333333333336 0.0578125 0.07916666666666666
0 0.62578125 0.259375 0.0359375 0.03958333333333333
0 0.18046875 0.30625 0.0390625 0.05
0 0.346875 0.26666666666666666 0.0375 0.041666666666666664
0 0.15546875 0.378125 0.0515625 0.06875
0 0.334375 0.4239583333333333 0.04375 0.06041666666666667
0 0.73046875 0.2375 0.0390625 0.05
0 0.80390625 0.44583333333333336 0.0578125 0.07916666666666666
0 0.62578125 0.259375 0.0359375 0.03958333333333333
