0 0.75859375 0.246875 0.0359375 0.04791666666666667
0 0.75546875 0.2604166666666667 0.0296875 0.0375
0 0.61953125 0.25833333333333336 0.0390625 0.04583333333333333
0 0.36640625 0.26979166666666665 0.0234375 0.03958333333333333
0 0.3484375 0.42083333333333334 0.04375 0.06666666666666667
0 0.26953125 0.33645833333333336 0.0359375 0.052083333333333336
0 0.1796875 0.30520833333333336 0.0375 0.04375
0 0.36953125 0.2 0.0265625 0.03333333333333333
0 0.75859375 0.246875 0.0359375 0.04791666666666667
0 0.75546875 0.2604166666666667 0.0296875 0.0375
0 0.61953125 0.25833333333333336 0.0390625 0.04583333333333333
0 0.36640625 0.26979166666666665 0.0234375 0.03958333333333333
0 0.3484375 0.42083333333333334 0.04375 0.06666666666666667
0 0.26953125 0.33645833333333336 0.0359375 0.052083333333333336
0 0.1796875 0.30520833333333336 0.0375 0.04375
0 0.36953125 0.2 0.0265625 0.03333333333333333
