0 0.32890625 0.2677083333333333 0.0328125 0.04375
0 0.17734375 0.309375 0.0359375 0.04791666666666667
0 0.3390625 0.42604166666666665 0.04375 0.06041666666666667
0 0.2265625 0.46041666666666664 0.05 0.07083333333333333
0 0.70703125 0.21770833333333334 0.0234375 0.03125
0 0.58984375 0.24270833333333333 0.0390625 0.06041666666666667
0 0.69375 0.259375 0.03125 0.04375
0 0.73828125 0.2708333333333333 0.0328125 0.041666666666666664
0 0.32890625 0.2677083333333333 0.0328125 0.04375
0 0.17734375 0.309375 0.0359375 0.04791666666666667
0 0.3390625 0.42604166666666665 0.04375 0.06041666666666667
0 0.2265625 0.46041666666666664 0.05 0.07083333333333333
0 0.70703125 0.21770833333333334 0.0234375 0.03125
0 0.58984375 0.24270833333333333 0.0390625 0.06041666666666667
0 0.69375 0.259375 0.03125 0.04375
0 0.73828125 0.2708333333333333 0.0328125 0.041666666666666664
