0 0.353125 0.25 0.028125 0.04583333333333333
0 0.33125 0.2677083333333333 0.03125 0.052083333333333336
0 0.178125 0.31145833333333334 0.0375 0.06041666666666667
0 0.153125 0.3802083333333333 0.040625 0.06458333333333334
0 0.3 0.46770833333333334 0.046875 0.08541666666666667
0 0.7421875 0.23020833333333332 0.025 0.03958333333333333
0 0.78046875 0.26875 0.0296875 0.04583333333333333
0 0.83359375 0.3125 0.0359375 0.05416666666666667
0 0.615625 0.25625 0.0375 0.04583333333333333
0 0.88046875 0.759375 0.0953125 0.08541666666666667
0 0.353125 0.25 0.028125 0.04583333333333333
0 0.33125 0.2677083333333333 0.03125 0.052083333333333336
0 0.178125 0.31145833333333334 0.0375 0.06041666666666667
0 0.153125 0.3802083333333333 0.040625 0.06458333333333334
0 0.3 0.46770833333333334 0.046875 0.08541666666666667
0 0.7421875 0.23020833333333332 0.025 0.03958333333333333
0 0.78046875 0.26875 0.0296875 0.04583333333333333
0 0.83359375 0.3125 0.0359375 0.05416666666666667
0 0.615625 0.25625 0.0375 0.04583333333333333
0 0.88046875 0.759375 0.0953125 0.08541666666666667
