0 0.28828125 0.24166666666666667 0.0359375 0.058333333333333334
0 0.303125 0.2875 0.04375 0.058333333333333334
0 0.465625 0.26979166666666665 0.040625 0.06041666666666667
0 0.528125 0.21770833333333334 0.034375 0.03125
0 0.6234375 0.23958333333333334 0.03125 0.041666666666666664
0 0.55390625 0.46458333333333335 0.0609375 0.0875
0 0.28828125 0.24166666666666667 0.0359375 0.058333333333333334
0 0.303125 0.2875 0.04375 0.058333333333333334
0 0.465625 0.26979166666666665 0.040625 0.06041666666666667
0 0.528125 0.21770833333333334 0.034375 0.03125
0 0.6234375 0.23958333333333334 0.03125 0.041666666666666664
0 0.55390625 0.46458333333333335 0.0609375 0.0875
