0 0.36484375 0.25416666666666665 0.0265625 0.041666666666666664
0 0.3453125 0.2677083333333333 0.03125 0.04791666666666667
0 0.15546875 0.38125 0.0421875 0.05416666666666667
0 0.23125 0.44583333333333336 0.046875 0.05416666666666667
0 0.30859375 0.4791666666666667 0.0515625 0.06666666666666667
0 0.61796875 0.2625 0.0359375 0.04583333333333333
0 0.74765625 0.24479166666666666 0.0359375 0.04791666666666667
0 0.8328125 0.3072916666666667 0.03125 0.04791666666666667
0 0.703125 0.6625 0.084375 0.11666666666666667
0 0.36484375 0.25416666666666665 0.0265625 0.041666666666666664
0 0.3453125 0.2677083333333333 0.03125 0.04791666666666667
0 0.15546875 0.38125 0.0421875 0.05416666666666667
0 0.23125 0.44583333333333336 0.046875 0.05416666666666667
0 0.30859375 0.4791666666666667 0.0515625 0.06666666666666667
0 0.61796875 0.2625 0.0359375 0.04583333333333333
0 0.74765625 0.24479166666666666 0.0359375 0.04791666666666667
0 0.8328125 0.3072916666666667 0.03125 0.04791666666666667
0 0.703125 0.6625 0.084375 0.11666666666666667
