0 0.28828125 0.24895833333333334 0.0390625 0.06458333333333334
0 0.271875 0.309375 0.040625 0.06458333333333334
0 0.23515625 0.4125 0.0578125 0.09583333333333334
0 0.053125 0.6 0.10625 0.175
0 0.58359375 0.7395833333333334 0.1140625 0.11666666666666667
0 0.8 0.45208333333333334 0.059375 0.10833333333333334
0 0.54453125 0.321875 0.0421875 0.06458333333333334
0 0.28828125 0.24895833333333334 0.0390625 0.06458333333333334
0 0.271875 0.309375 0.040625 0.06458333333333334
0 0.23515625 0.4125 0.0578125 0.09583333333333334
0 0.053125 0.6 0.10625 0.175
0 0.58359375 0.7395833333333334 0.1140625 0.11666666666666667
0 0.8 0.45208333333333334 0.059375 0.10833333333333334
0 0.54453125 0.321875 0.0421875 0.06458333333333334
