0 0.3453125 0.2677083333333333 0.034375 0.04791666666666667
0 0.35078125 0.24375 0.0234375 0.03333333333333333
0 0.396875 0.23229166666666667 0.03125 0.03958333333333333
0 0.4390625 0.22395833333333334 0.028125 0.04375
0 0.52265625 0.215625 0.0328125 0.027083333333333334
0 0.60625 0.2125 0.03125 0.020833333333333332
0 0.83046875 0.2989583333333333 0.0296875 0.03125
0 0.3453125 0.2677083333333333 0.034375 0.04791666666666667
0 0.35078125 0.24375 0.0234375 0.03333333333333333
0 0.396875 0.23229166666666667 0.03125 0.03958333333333333
0 0.4390625 0.22395833333333334 0.028125 0.04375
0 0.52265625 0.215625 0.0328125 0.027083333333333334
0 0.60625 0.2125 0.03125 0.020833333333333332
0 0.83046875 0.2989583333333333 0.0296875 0.03125
