0 0.73828125 0.24166666666666667 0.0296875 0.041666666666666664
0 0.69140625 0.246875 0.0296875 0.03958333333333333
0 0.6203125 0.25833333333333336 0.034375 0.05
0 0.35546875 0.24895833333333334 0.0296875 0.03958333333333333
0 0.296875 0.46979166666666666 0.05 0.08125
0 0.5734375 0.203125 0.021875 0.035416666666666666
0 0.73828125 0.24166666666666667 0.0296875 0.041666666666666664
0 0.69140625 0.246875 0.0296875 0.03958333333333333
0 0.6203125 0.25833333333333336 0.034375 0.05
0 0.35546875 0.24895833333333334 0.0296875 0.03958333333333333
0 0.296875 0.46979166666666666 0.05 0.08125
0 0.5734375 0.203125 0.021875 0.035416666666666666
