0 0.60546875 0.25833333333333336 0.0359375 0.04583333333333333
0 0.73828125 0.24895833333333334 0.0296875 0.04375
0 0.4453125 0.32708333333333334 0.05 0.06666666666666667
0 0.4765625 0.465625 0.06875 0.10208333333333333
0 0.1828125 0.490625 0.04375 0.06458333333333334
0 0.60546875 0.25833333333333336 0.0359375 0.04583333333333333
0 0.73828125 0.24895833333333334 0.0296875 0.04375
0 0.4453125 0.32708333333333334 0.05 0.06666666666666667
0 0.4765625 0.465625 0.06875 0.10208333333333333
0 0.1828125 0.490625 0.04375 0.06458333333333334
