0 0.36171875 0.25 0.0265625 0.03333333333333333
0 0.390625 0.26145833333333335 0.025 0.04375
0 0.1984375 0.334375 0.040625 0.06041666666666667
0 0.64296875 0.246875 0.0359375 0.04791666666666667
0 0.75703125 0.25729166666666664 0.0265625 0.04791666666666667
0 0.96640625 0.5197916666666667 0.0421875 0.09791666666666667
0 0.36171875 0.25 0.0265625 0.03333333333333333
0 0.390625 0.26145833333333335 0.025 0.04375
0 0.1984375 0.334375 0.040625 0.06041666666666667
0 0.64296875 0.246875 0.0359375 0.04791666666666667
0 0.75703125 0.25729166666666664 0.0265625 0.04791666666666667
0 0.96640625 0.5197916666666667 0.0421875 0.09791666666666667
