0 0.26953125 0.2552083333333333 0.0328125 0.052083333333333336
0 0.21875 0.38229166666666664 0.05 0.06458333333333334
0 0.41640625 0.31979166666666664 0.0453125 0.06458333333333334
0 0.7359375 0.35833333333333334 0.0375 0.04583333333333333
0 0.5828125 0.68125 0.0875 0.11666666666666667
0 0.26953125 0.2552083333333333 0.0328125 0.052083333333333336
0 0.21875 0.38229166666666664 0.05 0.06458333333333334
0 0.41640625 0.31979166666666664 0.0453125 0.06458333333333334
0 0.7359375 0.35833333333333334 0.0375 0.04583333333333333
0 0.5828125 0.68125 0.0875 0.11666666666666667
