0 0.44140625 0.37916666666666665 0.0671875 0.1
0 0.490625 0.30520833333333336 0.0375 0.052083333333333336
0 0.6484375 0.284375 0.028125 0.027083333333333334
0 0.81640625 0.3104166666666667 0.0390625 0.05
0 0.3640625 0.3302083333333333 0.0375 0.04791666666666667
0 0.44140625 0.37916666666666665 0.0671875 0.1
0 0.490625 0.30520833333333336 0.0375 0.052083333333333336
0 0.6484375 0.284375 0.028125 0.027083333333333334
0 0.81640625 0.3104166666666667 0.0390625 0.05
0 0.3640625 0.3302083333333333 0.0375 0.04791666666666667
