0 0.29140625 0.22708333333333333 0.0203125 0.03333333333333333
0 0.3671875 0.315625 0.05 0.06458333333333334
0 0.63515625 0.23645833333333333 0.0265625 0.03958333333333333
0 0.7484375 0.325 0.021875 0.03333333333333333
0 0.7984375 0.32708333333333334 0.028125 0.058333333333333334
0 0.759375 0.4864583333333333 0.05625 0.08541666666666667
0 0.565625 0.48854166666666665 0.075 0.09375
0 0.29140625 0.22708333333333333 0.0203125 0.03333333333333333
0 0.3671875 0.315625 0.05 0.06458333333333334
0 0.63515625 0.23645833333333333 0.0265625 0.03958333333333333
0 0.7484375 0.325 0.021875 0.03333333333333333
0 0.7984375 0.32708333333333334 0.028125 0.058333333333333334
0 0.759375 0.4864583333333333 0.05625 0.08541666666666667
0 0.565625 0.48854166666666665 0.075 0.09375
