0 0.40546875 0.240625 0.0484375 0.06458333333333334
0 0.2765625 0.23333333333333334 0.034375 0.041666666666666664
0 0.50390625 0.21354166666666666 0.0296875 0.022916666666666665
0 0.571875 0.375 0.05625 0.07916666666666666
0 0.82109375 0.321875 0.0390625 0.052083333333333336
0 0.40546875 0.240625 0.0484375 0.06458333333333334
0 0.2765625 0.23333333333333334 0.034375 0.041666666666666664
0 0.50390625 0.21354166666666666 0.0296875 0.022916666666666665
0 0.571875 0.375 0.05625 0.07916666666666666
0 0.82109375 0.321875 0.0390625 0.052083333333333336
