0 0.5671875 0.365625 0.059375 0.06875
0 0.75234375 0.375 0.0546875 0.06666666666666667
0 0.58359375 0.2375 0.0359375 0.0625
0 0.28515625 0.23333333333333334 0.0328125 0.041666666666666664
0 0.2828125 0.30833333333333335 0.053125 0.0625
0 0.14921875 0.4895833333333333 0.0703125 0.09583333333333334
0 0.35859375 0.334375 0.0015625 0.0020833333333333333
0 0.37734375 0.36666666666666664 0.0515625 0.06666666666666667
0 0.5171875 0.465625 0.071875 0.10208333333333333
0 0.50390625 0.21458333333333332 0.0359375 0.020833333333333332
0 0.5671875 0.365625 0.059375 0.06875
0 0.75234375 0.375 0.0546875 0.06666666666666667
0 0.58359375 0.2375 0.0359375 0.0625
0 0.28515625 0.23333333333333334 0.0328125 0.041666666666666664
0 0.2828125 0.30833333333333335 0.053125 0.0625
0 0.14921875 0.4895833333333333 0.0703125 0.09583333333333334
0 0.35859375 0.334375 0.0015625 0.0020833333333333333
0 0.37734375 0.36666666666666664 0.0515625 0.06666666666666667
0 0.5171875 0.465625 0.071875 0.10208333333333333
0 0.50390625 0.21458333333333332 0.0359375 0.020833333333333332
