0 0.821875 0.31875 0.040625 0.05416666666666667
0 0.5 0.21458333333333332 0.028125 0.025
0 0.28203125 0.22083333333333333 0.0234375 0.0375
0 0.3125 0.31979166666666664 0.05625 0.09375
0 0.30078125 0.4197916666666667 0.0703125 0.12291666666666666
0 0.50546875 0.2916666666666667 0.0453125 0.07083333333333333
0 0.55625 0.34479166666666666 0.053125 0.08958333333333333
0 0.821875 0.31875 0.040625 0.05416666666666667
0 0.5 0.21458333333333332 0.028125 0.025
0 0.28203125 0.22083333333333333 0.0234375 0.0375
0 0.3125 0.31979166666666664 0.05625 0.09375
0 0.30078125 0.4197916666666667 0.0703125 0.12291666666666666
0 0.50546875 0.2916666666666667 0.0453125 0.07083333333333333
0 0.55625 0.34479166666666666 0.053125 0.08958333333333333
