0 0.28125 0.21979166666666666 0.01875 0.035416666666666666
0 0.57890625 0.32083333333333336 0.0484375 0.08333333333333333
0 0.49921875 0.2125 0.0203125 0.020833333333333332
0 0.34296875 0.30416666666666664 0.0421875 0.075
0 0.21640625 0.3572916666666667 0.0546875 0.09791666666666667
0 0.18203125 0.5229166666666667 0.0671875 0.1
0 0.146875 0.6416666666666667 0.0875 0.10833333333333334
0 0.28125 0.21979166666666666 0.01875 0.035416666666666666
0 0.57890625 0.32083333333333336 0.0484375 0.08333333333333333
0 0.49921875 0.2125 0.0203125 0.020833333333333332
0 0.34296875 0.30416666666666664 0.0421875 0.075
0 0.21640625 0.3572916666666667 0.0546875 0.09791666666666667
0 0.18203125 0.5229166666666667 0.0671875 0.1
0 0.146875 0.6416666666666667 0.0875 0.10833333333333334
