0 0.58359375 0.215625 0.0328125 0.027083333333333334
0 0.57578125 0.234375 0.0328125 0.03958333333333333
0 0.559375 0.309375 0.05 0.07708333333333334
0 0.7765625 0.3645833333333333 0.040625 0.0625
0 0.3703125 0.35208333333333336 0.059375 0.0625
0 0.25625 0.3875 0.06875 0.08333333333333333
0 0.2875 0.528125 0.09375 0.11041666666666666
0 0.02109375 0.5260416666666666 0.0421875 0.11041666666666666
0 0.503125 0.21145833333333333 0.025 0.01875
0 0.58359375 0.215625 0.0328125 0.027083333333333334
0 0.57578125 0.234375 0.0328125 0.03958333333333333
0 0.559375 0.309375 0.05 0.07708333333333334
0 0.7765625 0.3645833333333333 0.040625 0.0625
0 0.3703125 0.35208333333333336 0.059375 0.0625
0 0.25625 0.3875 0.06875 0.08333333333333333
0 0.2875 0.528125 0.09375 0.11041666666666666
0 0.02109375 0.5260416666666666 0.0421875 0.11041666666666666
0 0.503125 0.21145833333333333 0.025 0.01875
