0 0.409375 0.24583333333333332 0.046875 0.07916666666666666
0 0.2453125 0.275 0.03125 0.041666666666666664
0 0.22890625 0.29270833333333335 0.0296875 0.04375
0 0.290625 0.31145833333333334 0.0625 0.06041666666666667
0 0.1578125 0.4114583333333333 0.053125 0.08541666666666667
0 0.0265625 0.515625 0.05 0.09791666666666667
0 0.54609375 0.44583333333333336 0.0453125 0.07916666666666666
0 0.77734375 0.48125 0.0484375 0.07083333333333333
0 0.409375 0.24583333333333332 0.046875 0.07916666666666666
0 0.2453125 0.275 0.03125 0.041666666666666664
0 0.22890625 0.29270833333333335 0.0296875 0.04375
0 0.290625 0.31145833333333334 0.0625 0.06041666666666667
0 0.1578125 0.4114583333333333 0.053125 0.08541666666666667
0 0.0265625 0.515625 0.05 0.09791666666666667
0 0.54609375 0.44583333333333336 0.0453125 0.07916666666666666
0 0.77734375 0.48125 0.0484375 0.07083333333333333
