0 0.246875 0.2833333333333333 0.028125 0.041666666666666664
0 0.22578125 0.2989583333333333 0.0296875 0.04375
0 0.20859375 0.49583333333333335 0.0640625 0.08333333333333333
0 0.4171875 0.48125 0.0625 0.0875
0 0.01484375 0.5333333333333333 0.0296875 0.1
0 0.76484375 0.2989583333333333 0.0234375 0.04375
0 0.6609375 0.26979166666666665 0.03125 0.04375
0 0.82421875 0.31666666666666665 0.0328125 0.05
0 0.246875 0.2833333333333333 0.028125 0.041666666666666664
0 0.22578125 0.2989583333333333 0.0296875 0.04375
0 0.20859375 0.49583333333333335 0.0640625 0.08333333333333333
0 0.4171875 0.48125 0.0625 0.0875
0 0.01484375 0.5333333333333333 0.0296875 0.1
0 0.76484375 0.2989583333333333 0.0234375 0.04375
0 0.6609375 0.26979166666666665 0.03125 0.04375
0 0.82421875 0.31666666666666665 0.0328125 0.05
