0 0.1375 0.25104166666666666 0.028125 0.04375
0 0.2453125 0.278125 0.028125 0.04375
0 0.22578125 0.296875 0.0359375 0.04791666666666667
0 0.36953125 0.33958333333333335 0.0515625 0.075
0 0.396875 0.384375 0.053125 0.08541666666666667
0 0.5609375 0.396875 0.053125 0.07291666666666667
0 0.7828125 0.40520833333333334 0.040625 0.08125
0 0.246875 0.44895833333333335 0.0625 0.08958333333333333
0 0.265625 0.5416666666666666 0.084375 0.11666666666666667
0 0.06328125 0.6 0.1140625 0.19583333333333333
0 0.1375 0.25104166666666666 0.028125 0.04375
0 0.2453125 0.278125 0.028125 0.04375
0 0.22578125 0.296875 0.0359375 0.04791666666666667
0 0.36953125 0.33958333333333335 0.0515625 0.075
0 0.396875 0.384375 0.053125 0.08541666666666667
0 0.5609375 0.396875 0.053125 0.07291666666666667
0 0.7828125 0.40520833333333334 0.040625 0.08125
0 0.246875 0.44895833333333335 0.0625 0.08958333333333333
0 0.265625 0.5416666666666666 0.084375 0.11666666666666667
0 0.06328125 0.6 0.1140625 0.19583333333333333
