0 0.2421875 0.27708333333333335 0.028125 0.04583333333333333
0 0.1390625 0.25104166666666666 0.028125 0.04791666666666667
0 0.2375 0.30625 0.0375 0.04583333333333333
0 0.1859375 0.30520833333333336 0.05625 0.09791666666666667
0 0.14453125 0.48333333333333334 0.0671875 0.10833333333333334
0 0.3390625 0.30416666666666664 0.04375 0.075
0 0.34765625 0.409375 0.0578125 0.08541666666666667
0 0.57578125 0.33958333333333335 0.0421875 0.07083333333333333
0 0.54140625 0.371875 0.0515625 0.08125
0 0.75 0.3875 0.05 0.08333333333333333
0 0.2421875 0.27708333333333335 0.028125 0.04583333333333333
0 0.1390625 0.25104166666666666 0.028125 0.04791666666666667
0 0.2375 0.30625 0.0375 0.04583333333333333
0 0.1859375 0.30520833333333336 0.05625 0.09791666666666667
0 0.14453125 0.48333333333333334 0.0671875 0.10833333333333334
0 0.3390625 0.30416666666666664 0.04375 0.075
0 0.34765625 0.409375 0.0578125 0.08541666666666667
0 0.57578125 0.33958333333333335 0.0421875 0.07083333333333333
0 0.54140625 0.371875 0.0515625 0.08125
0 0.75 0.3875 0.05 0.08333333333333333
