0 0.2234375 0.31354166666666666 0.03125 0.04791666666666667
0 0.3 0.42291666666666666 0.046875 0.0875
0 0.4546875 0.28854166666666664 0.04375 0.06041666666666667
0 0.42578125 0.30833333333333335 0.0484375 0.075
0 0.64140625 0.25625 0.0328125 0.04583333333333333
0 0.5671875 0.33229166666666665 0.05 0.07291666666666667
0 0.75078125 0.390625 0.0484375 0.06875
0 0.74765625 0.271875 0.0234375 0.03958333333333333
0 0.2234375 0.31354166666666666 0.03125 0.04791666666666667
0 0.3 0.42291666666666666 0.046875 0.0875
0 0.4546875 0.28854166666666664 0.04375 0.06041666666666667
0 0.42578125 0.30833333333333335 0.0484375 0.075
0 0.64140625 0.25625 0.0328125 0.04583333333333333
0 0.5671875 0.33229166666666665 0.05 0.07291666666666667
0 0.75078125 0.390625 0.0484375 0.06875
0 0.74765625 0.271875 0.0234375 0.03958333333333333
