0 0.28359375 0.22604166666666667 0.0234375 0.04375
0 0.38046875 0.26979166666666665 0.0296875 0.04791666666666667
0 0.4765625 0.284375 0.03125 0.052083333333333336
0 0.60625 0.32395833333333335 0.053125 0.07708333333333334
0 0.7515625 0.4125 0.046875 0.07916666666666666
0 0.28359375 0.22604166666666667 0.0234375 0.04375
0 0.38046875 0.26979166666666665 0.0296875 0.04791666666666667
0 0.4765625 0.284375 0.03125 0.052083333333333336
0 0.60625 0.32395833333333335 0.053125 0.07708333333333334
0 0.7515625 0.4125 0.046875 0.07916666666666666
