0 0.24375 0.27708333333333335 0.025 0.04583333333333333
0 0.2234375 0.29583333333333334 0.028125 0.041666666666666664
0 0.365625 0.30625 0.04375 0.07083333333333333
0 0.16171875 0.3770833333333333 0.0578125 0.07916666666666666
0 0.075 0.475 0.075 0.10833333333333334
0 0.4875 0.46041666666666664 0.075 0.09583333333333334
0 0.63828125 0.3614583333333333 0.0484375 0.07291666666666667
0 0.70625 0.35208333333333336 0.04375 0.0625
0 0.24375 0.27708333333333335 0.025 0.04583333333333333
0 0.2234375 0.29583333333333334 0.028125 0.041666666666666664
0 0.365625 0.30625 0.04375 0.07083333333333333
0 0.16171875 0.3770833333333333 0.0578125 0.07916666666666666
0 0.075 0.475 0.075 0.10833333333333334
0 0.4875 0.46041666666666664 0.075 0.09583333333333334
0 0.63828125 0.3614583333333333 0.0484375 0.07291666666666667
0 0.70625 0.35208333333333336 0.04375 0.0625
