0 0.28046875 0.21770833333333334 0.0234375 0.03125
0 0.40546875 0.26875 0.0265625 0.04583333333333333
0 0.5859375 0.28541666666666665 0.0375 0.0625
0 0.5515625 0.37604166666666666 0.05 0.06458333333333334
0 0.4796875 0.3875 0.059375 0.07916666666666666
0 0.77578125 0.4041666666666667 0.0421875 0.06666666666666667
0 0.1328125 0.26458333333333334 0.025 0.0375
0 0.29296875 0.42291666666666666 0.0546875 0.07916666666666666
0 0.28046875 0.21770833333333334 0.0234375 0.03125
0 0.40546875 0.26875 0.0265625 0.04583333333333333
0 0.5859375 0.28541666666666665 0.0375 0.0625
0 0.5515625 0.37604166666666666 0.05 0.06458333333333334
0 0.4796875 0.3875 0.059375 0.07916666666666666
0 0.77578125 0.4041666666666667 0.0421875 0.06666666666666667
0 0.1328125 0.26458333333333334 0.025 0.0375
0 0.29296875 0.42291666666666666 0.0546875 0.07916666666666666
