0 0.6171875 0.25625 0.03125 0.04583333333333333
0 0.40859375 0.28958333333333336 0.0296875 0.041666666666666664
0 0.46171875 0.37604166666666666 0.0609375 0.09375
0 0.1890625 0.38229166666666664 0.05625 0.08541666666666667
0 0.0734375 0.47604166666666664 0.071875 0.09375
0 0.1609375 0.4041666666666667 0.025 0.041666666666666664
0 0.6171875 0.25625 0.03125 0.04583333333333333
0 0.40859375 0.28958333333333336 0.0296875 0.041666666666666664
0 0.46171875 0.37604166666666666 0.0609375 0.09375
0 0.1890625 0.38229166666666664 0.05625 0.08541666666666667
0 0.0734375 0.47604166666666664 0.071875 0.09375
0 0.1609375 0.4041666666666667 0.025 0.041666666666666664
