0 0.6015625 0.2833333333333333 0.0375 0.075
0 0.5421875 0.590625 0.0625 0.09375
0 0.284375 0.23020833333333332 0.021875 0.03125
0 0.25625 0.278125 0.021875 0.04375
0 0.521875 0.2125 0.028125 0.020833333333333332
0 0.8125 0.30833333333333335 0.03125 0.05
0 0.16171875 0.24375 0.0203125 0.029166666666666667
0 0.6015625 0.2833333333333333 0.0375 0.075
0 0.5421875 0.590625 0.0625 0.09375
0 0.284375 0.23020833333333332 0.021875 0.03125
0 0.25625 0.278125 0.021875 0.04375
0 0.521875 0.2125 0.028125 0.020833333333333332
0 0.8125 0.30833333333333335 0.03125 0.05
0 0.16171875 0.24375 0.0203125 0.029166666666666667
