0 0.171875 0.4270833333333333 0.065625 0.09583333333333334
0 0.35 0.4 0.065625 0.08333333333333333
0 0.93125 0.4666666666666667 0.05 0.07083333333333333
0 0.4953125 0.27291666666666664 0.028125 0.041666666666666664
0 0.38046875 0.26979166666666665 0.0296875 0.04791666666666667
0 0.28046875 0.21875 0.0265625 0.03333333333333333
0 0.08515625 0.6114583333333333 0.0734375 0.11458333333333333
0 0.56484375 0.33125 0.0609375 0.09166666666666666
0 0.6015625 0.321875 0.028125 0.04791666666666667
0 0.171875 0.4270833333333333 0.065625 0.09583333333333334
0 0.35 0.4 0.065625 0.08333333333333333
0 0.93125 0.4666666666666667 0.05 0.07083333333333333
0 0.4953125 0.27291666666666664 0.028125 0.041666666666666664
0 0.38046875 0.26979166666666665 0.0296875 0.04791666666666667
0 0.28046875 0.21875 0.0265625 0.03333333333333333
0 0.08515625 0.6114583333333333 0.0734375 0.11458333333333333
0 0.56484375 0.33125 0.0609375 0.09166666666666666
0 0.6015625 0.321875 0.028125 0.04791666666666667
