0 0.2921875 0.21875 0.021875 0.03333333333333333
0 0.26328125 0.2833333333333333 0.0265625 0.041666666666666664
0 0.521875 0.215625 0.028125 0.027083333333333334
0 0.5453125 0.28229166666666666 0.04375 0.06458333333333334
0 0.76875 0.49375 0.05 0.07083333333333333
0 0.8109375 0.31145833333333334 0.03125 0.04791666666666667
0 0.5109375 0.35104166666666664 0.04375 0.07291666666666667
0 0.2921875 0.21875 0.021875 0.03333333333333333
0 0.26328125 0.2833333333333333 0.0265625 0.041666666666666664
0 0.521875 0.215625 0.028125 0.027083333333333334
0 0.5453125 0.28229166666666666 0.04375 0.06458333333333334
0 0.76875 0.49375 0.05 0.07083333333333333
0 0.8109375 0.31145833333333334 0.03125 0.04791666666666667
0 0.5109375 0.35104166666666664 0.04375 0.07291666666666667
