0 0.2921875 0.221875 0.021875 0.03958333333333333
0 0.24609375 0.2625 0.0265625 0.041666666666666664
0 0.22890625 0.3385416666666667 0.0515625 0.06875
0 0.17890625 0.42604166666666665 0.0703125 0.10208333333333333
0 0.53203125 0.4125 0.0515625 0.07916666666666666
0 0.60546875 0.228125 0.0328125 0.04791666666666667
0 0.51796875 0.21458333333333332 0.0234375 0.025
0 0.78515625 0.4375 0.0453125 0.058333333333333334
0 0.740625 0.25625 0.03125 0.041666666666666664
0 0.2921875 0.221875 0.021875 0.03958333333333333
0 0.24609375 0.2625 0.0265625 0.041666666666666664
0 0.22890625 0.3385416666666667 0.0515625 0.06875
0 0.17890625 0.42604166666666665 0.0703125 0.10208333333333333
0 0.53203125 0.4125 0.0515625 0.07916666666666666
0 0.60546875 0.228125 0.0328125 0.04791666666666667
0 0.51796875 0.21458333333333332 0.0234375 0.025
0 0.78515625 0.4375 0.0453125 0.058333333333333334
0 0.740625 0.25625 0.03125 0.041666666666666664
