0 0.7703125 0.3875 0.046875 0.0625
0 0.5828125 0.271875 0.046875 0.08125
0 0.7609375 0.29583333333333334 0.025 0.041666666666666664
0 0.28203125 0.34270833333333334 0.0546875 0.06875
0 0.51953125 0.21354166666666666 0.0265625 0.022916666666666665
0 0.2578125 0.27291666666666664 0.025 0.03333333333333333
0 0.16171875 0.2916666666666667 0.0296875 0.029166666666666667
0 0.7703125 0.3875 0.046875 0.0625
0 0.5828125 0.271875 0.046875 0.08125
0 0.7609375 0.29583333333333334 0.025 0.041666666666666664
0 0.28203125 0.34270833333333334 0.0546875 0.06875
0 0.51953125 0.21354166666666666 0.0265625 0.022916666666666665
0 0.2578125 0.27291666666666664 0.025 0.03333333333333333
0 0.16171875 0.2916666666666667 0.0296875 0.029166666666666667
