0 0.74375 0.3416666666666667 0.046875 0.06666666666666667
0 0.8078125 0.29375 0.0375 0.04583333333333333
0 0.48984375 0.284375 0.0390625 0.05625
0 0.4265625 0.3375 0.059375 0.08333333333333333
0 0.2515625 0.2791666666666667 0.028125 0.041666666666666664
0 0.5234375 0.21666666666666667 0.03125 0.025
0 0.66796875 0.26666666666666666 0.0234375 0.03333333333333333
0 0.74375 0.3416666666666667 0.046875 0.06666666666666667
0 0.8078125 0.29375 0.0375 0.04583333333333333
0 0.48984375 0.284375 0.0390625 0.05625
0 0.4265625 0.3375 0.059375 0.08333333333333333
0 0.2515625 0.2791666666666667 0.028125 0.041666666666666664
0 0.5234375 0.21666666666666667 0.03125 0.025
0 0.66796875 0.26666666666666666 0.0234375 0.03333333333333333
