0 0.575 0.28541666666666665 0.04375 0.07083333333333333
0 0.51328125 0.334375 0.0546875 0.07291666666666667
0 0.34609375 0.3375 0.0546875 0.08333333333333333
0 0.2921875 0.21770833333333334 0.021875 0.03125
0 0.49765625 0.21458333333333332 0.0203125 0.025
0 0.23671875 0.38229166666666664 0.0578125 0.08541666666666667
0 0.1375 0.46458333333333335 0.071875 0.10416666666666667
0 0.33046875 0.4864583333333333 0.0671875 0.09791666666666667
0 0.028125 0.6958333333333333 0.05625 0.15833333333333333
0 0.575 0.28541666666666665 0.04375 0.07083333333333333
0 0.51328125 0.334375 0.0546875 0.07291666666666667
0 0.34609375 0.3375 0.0546875 0.08333333333333333
0 0.2921875 0.21770833333333334 0.021875 0.03125
0 0.49765625 0.21458333333333332 0.0203125 0.025
0 0.23671875 0.38229166666666664 0.0578125 0.08541666666666667
0 0.1375 0.46458333333333335 0.071875 0.10416666666666667
0 0.33046875 0.4864583333333333 0.0671875 0.09791666666666667
0 0.028125 0.6958333333333333 0.05625 0.15833333333333333
