0 0.82890625 0.3333333333333333 0.0453125 0.058333333333333334
0 0.5625 0.3375 0.0625 0.09166666666666666
0 0.27421875 0.3697916666666667 0.0671875 0.10625
0 0.11640625 0.44583333333333336 0.0890625 0.125
0 0.08359375 0.6052083333333333 0.1015625 0.14791666666666667
0 0.25390625 0.2760416666666667 0.0296875 0.03958333333333333
0 0.284375 0.22083333333333333 0.025 0.0375
0 0.51875 0.21354166666666666 0.01875 0.022916666666666665
0 0.61484375 0.22708333333333333 0.0265625 0.05
0 0.82890625 0.3333333333333333 0.0453125 0.058333333333333334
0 0.5625 0.3375 0.0625 0.09166666666666666
0 0.27421875 0.3697916666666667 0.0671875 0.10625
0 0.11640625 0.44583333333333336 0.0890625 0.125
0 0.08359375 0.6052083333333333 0.1015625 0.14791666666666667
0 0.25390625 0.2760416666666667 0.0296875 0.03958333333333333
0 0.284375 0.22083333333333333 0.025 0.0375
0 0.51875 0.21354166666666666 0.01875 0.022916666666666665
0 0.61484375 0.22708333333333333 0.0265625 0.05
