0 0.303125 0.23541666666666666 0.025 0.0375
0 0.26328125 0.26666666666666666 0.0265625 0.05
0 0.209375 0.29791666666666666 0.034375 0.05416666666666667
0 0.63984375 0.3572916666666667 0.0453125 0.07708333333333334
0 0.52890625 0.37916666666666665 0.0609375 0.10833333333333334
0 0.79296875 0.45625 0.0546875 0.09583333333333334
0 0.303125 0.23541666666666666 0.025 0.0375
0 0.26328125 0.26666666666666666 0.0265625 0.05
0 0.209375 0.29791666666666666 0.034375 0.05416666666666667
0 0.63984375 0.3572916666666667 0.0453125 0.07708333333333334
0 0.52890625 0.37916666666666665 0.0609375 0.10833333333333334
0 0.79296875 0.45625 0.0546875 0.09583333333333334
