0 0.7578125 0.359375 0.05 0.07291666666666667
0 0.62890625 0.22708333333333333 0.0390625 0.05
0 0.58515625 0.346875 0.0484375 0.07291666666666667
0 0.5421875 0.42083333333333334 0.059375 0.07083333333333333
0 0.64453125 0.2708333333333333 0.0296875 0.03333333333333333
0 0.53359375 0.21458333333333332 0.0265625 0.025
0 0.7578125 0.359375 0.05 0.07291666666666667
0 0.62890625 0.22708333333333333 0.0390625 0.05
0 0.58515625 0.346875 0.0484375 0.07291666666666667
0 0.5421875 0.42083333333333334 0.059375 0.07083333333333333
0 0.64453125 0.2708333333333333 0.0296875 0.03333333333333333
0 0.53359375 0.21458333333333332 0.0265625 0.025
