0 0.515625 0.21145833333333333 0.025 0.022916666666666665
0 0.7640625 0.29583333333333334 0.028125 0.041666666666666664
0 0.57578125 0.3416666666666667 0.0484375 0.075
0 0.37734375 0.43854166666666666 0.0734375 0.08125
0 0.284375 0.23333333333333334 0.021875 0.029166666666666667
0 0.2703125 0.25 0.028125 0.03333333333333333
0 0.825 0.36041666666666666 0.04375 0.0625
0 0.515625 0.21145833333333333 0.025 0.022916666666666665
0 0.7640625 0.29583333333333334 0.028125 0.041666666666666664
0 0.57578125 0.3416666666666667 0.0484375 0.075
0 0.37734375 0.43854166666666666 0.0734375 0.08125
0 0.284375 0.23333333333333334 0.021875 0.029166666666666667
0 0.2703125 0.25 0.028125 0.03333333333333333
0 0.825 0.36041666666666666 0.04375 0.0625
