0 0.25703125 0.25833333333333336 0.0265625 0.04583333333333333
0 0.203125 0.30104166666666665 0.03125 0.05625
0 0.51640625 0.21770833333333334 0.0234375 0.03125
0 0.309375 0.31354166666666666 0.05 0.08125
0 0.30390625 0.6395833333333333 0.0953125 0.15
0 0.565625 0.353125 0.040625 0.06041666666666667
0 0.80859375 0.3 0.0296875 0.04583333333333333
0 0.7453125 0.3875 0.040625 0.07916666666666666
0 0.25703125 0.25833333333333336 0.0265625 0.04583333333333333
0 0.203125 0.30104166666666665 0.03125 0.05625
0 0.51640625 0.21770833333333334 0.0234375 0.03125
0 0.309375 0.31354166666666666 0.05 0.08125
0 0.30390625 0.6395833333333333 0.0953125 0.15
0 0.565625 0.353125 0.040625 0.06041666666666667
0 0.80859375 0.3 0.0296875 0.04583333333333333
0 0.7453125 0.3875 0.040625 0.07916666666666666
