0 0.2890625 0.22708333333333333 0.025 0.041666666666666664
0 0.2546875 0.2552083333333333 0.025 0.04791666666666667
0 0.21875 0.2947916666666667 0.034375 0.04791666666666667
0 0.14453125 0.4625 0.0609375 0.09583333333333334
0 0.29375 0.4322916666666667 0.059375 0.09375
0 0.4703125 0.3541666666666667 0.053125 0.1
0 0.4765625 0.275 0.021875 0.0375
0 0.52109375 0.21354166666666666 0.0203125 0.022916666666666665
0 0.5984375 0.3416666666666667 0.05625 0.08333333333333333
0 0.80234375 0.32916666666666666 0.0390625 0.05
0 0.25859375 0.32916666666666666 0.0578125 0.09166666666666666
0 0.15625 0.246875 0.021875 0.035416666666666666
0 0.2890625 0.22708333333333333 0.025 0.041666666666666664
0 0.2546875 0.2552083333333333 0.025 0.04791666666666667
0 0.21875 0.2947916666666667 0.034375 0.04791666666666667
0 0.14453125 0.4625 0.0609375 0.09583333333333334
0 0.29375 0.4322916666666667 0.059375 0.09375
0 0.4703125 0.3541666666666667 0.053125 0.1
0 0.4765625 0.275 0.021875 0.0375
0 0.52109375 0.21354166666666666 0.0203125 0.022916666666666665
0 0.5984375 0.3416666666666667 0.05625 0.08333333333333333
0 0.80234375 0.32916666666666666 0.0390625 0.05
0 0.25859375 0.32916666666666666 0.0578125 0.09166666666666666
0 0.15625 0.246875 0.021875 0.035416666666666666
