0 0.29453125 0.21979166666666666 0.0234375 0.035416666666666666
0 0.2625 0.26145833333333335 0.028125 0.04791666666666667
0 0.1578125 0.246875 0.025 0.03958333333333333
0 0.2046875 0.3572916666666667 0.05625 0.09375
0 0.5234375 0.215625 0.021875 0.027083333333333334
0 0.41953125 0.2989583333333333 0.0453125 0.06041666666666667
0 0.49609375 0.31354166666666666 0.0390625 0.07291666666666667
0 0.5421875 0.41041666666666665 0.05625 0.10416666666666667
0 0.42890625 0.596875 0.0859375 0.11875
0 0.76796875 0.4239583333333333 0.0390625 0.06875
0 0.29453125 0.21979166666666666 0.0234375 0.035416666666666666
0 0.2625 0.26145833333333335 0.028125 0.04791666666666667
0 0.1578125 0.246875 0.025 0.03958333333333333
0 0.2046875 0.3572916666666667 0.05625 0.09375
0 0.5234375 0.215625 0.021875 0.027083333333333334
0 0.41953125 0.2989583333333333 0.0453125 0.06041666666666667
0 0.49609375 0.31354166666666666 0.0390625 0.07291666666666667
0 0.5421875 0.41041666666666665 0.05625 0.10416666666666667
0 0.42890625 0.596875 0.0859375 0.11875
0 0.76796875 0.4239583333333333 0.0390625 0.06875
