0 0.28984375 0.22291666666666668 0.0234375 0.0375
0 0.2625 0.25833333333333336 0.028125 0.041666666666666664
0 0.21171875 0.30104166666666665 0.0265625 0.03958333333333333
0 0.5203125 0.215625 0.025 0.027083333333333334
0 0.25625 0.496875 0.078125 0.11041666666666666
0 0.83359375 0.34270833333333334 0.0390625 0.05625
0 0.28984375 0.22291666666666668 0.0234375 0.0375
0 0.2625 0.25833333333333336 0.028125 0.041666666666666664
0 0.21171875 0.30104166666666665 0.0265625 0.03958333333333333
0 0.5203125 0.215625 0.025 0.027083333333333334
0 0.25625 0.496875 0.078125 0.11041666666666666
0 0.83359375 0.34270833333333334 0.0390625 0.05625
