0 0.25546875 0.2604166666666667 0.0265625 0.04583333333333333
0 0.228125 0.3489583333333333 0.0625 0.09791666666666667
0 0.521875 0.215625 0.025 0.027083333333333334
0 0.4390625 0.36666666666666664 0.05 0.075
0 0.58984375 0.3072916666666667 0.0453125 0.07291666666666667
0 0.7625 0.42083333333333334 0.04375 0.058333333333333334
0 0.25546875 0.2604166666666667 0.0265625 0.04583333333333333
0 0.228125 0.3489583333333333 0.0625 0.09791666666666667
0 0.521875 0.215625 0.025 0.027083333333333334
0 0.4390625 0.36666666666666664 0.05 0.075
0 0.58984375 0.3072916666666667 0.0453125 0.07291666666666667
0 0.7625 0.42083333333333334 0.04375 0.058333333333333334
