0 0.28984375 0.21979166666666666 0.0234375 0.035416666666666666
0 0.5203125 0.215625 0.028125 0.027083333333333334
0 0.23984375 0.49895833333333334 0.0515625 0.08125
0 0.1359375 0.46458333333333335 0.06875 0.09583333333333334
0 0.47421875 0.43125 0.0609375 0.09583333333333334
0 0.5390625 0.315625 0.05625 0.08958333333333333
0 0.76015625 0.46145833333333336 0.0640625 0.08541666666666667
0 0.28984375 0.21979166666666666 0.0234375 0.035416666666666666
0 0.5203125 0.215625 0.028125 0.027083333333333334
0 0.23984375 0.49895833333333334 0.0515625 0.08125
0 0.1359375 0.46458333333333335 0.06875 0.09583333333333334
0 0.47421875 0.43125 0.0609375 0.09583333333333334
0 0.5390625 0.315625 0.05625 0.08958333333333333
0 0.76015625 0.46145833333333336 0.0640625 0.08541666666666667
