0 0.73203125 0.46041666666666664 0.0546875 0.08333333333333333
0 0.77578125 0.340625 0.0296875 0.052083333333333336
0 0.521875 0.3375 0.0625 0.09166666666666666
0 0.3078125 0.309375 0.053125 0.08541666666666667
0 0.26640625 0.23541666666666666 0.0234375 0.03333333333333333
0 0.528125 0.215625 0.021875 0.027083333333333334
0 0.60703125 0.22395833333333334 0.0296875 0.03958333333333333
0 0.171875 0.23645833333333333 0.021875 0.03125
0 0.73203125 0.46041666666666664 0.0546875 0.08333333333333333
0 0.77578125 0.340625 0.0296875 0.052083333333333336
0 0.521875 0.3375 0.0625 0.09166666666666666
0 0.3078125 0.309375 0.053125 0.08541666666666667
0 0.26640625 0.23541666666666666 0.0234375 0.03333333333333333
0 0.528125 0.215625 0.021875 0.027083333333333334
0 0.60703125 0.22395833333333334 0.0296875 0.03958333333333333
0 0.171875 0.23645833333333333 0.021875 0.03125
