0 0.75625 0.3770833333333333 0.046875 0.07083333333333333
0 0.59140625 0.2864583333333333 0.0421875 0.07291666666666667
0 0.5125 0.20833333333333334 0.03125 0.016666666666666666
0 0.365625 0.32916666666666666 0.040625 0.05416666666666667
0 0.2625 0.22916666666666666 0.025 0.03333333333333333
0 0.75078125 0.26458333333333334 0.0265625 0.03333333333333333
0 0.60859375 0.246875 0.0296875 0.03958333333333333
0 0.75625 0.3770833333333333 0.046875 0.07083333333333333
0 0.59140625 0.2864583333333333 0.0421875 0.07291666666666667
0 0.5125 0.20833333333333334 0.03125 0.016666666666666666
0 0.365625 0.32916666666666666 0.040625 0.05416666666666667
0 0.2625 0.22916666666666666 0.025 0.03333333333333333
0 0.75078125 0.26458333333333334 0.0265625 0.03333333333333333
0 0.60859375 0.246875 0.0296875 0.03958333333333333
