0 0.83203125 0.36354166666666665 0.0390625 0.06875
0 0.62421875 0.22708333333333333 0.0390625 0.05
0 0.5203125 0.21666666666666667 0.021875 0.029166666666666667
0 0.26953125 0.24375 0.0265625 0.0375
0 0.26328125 0.27708333333333335 0.0515625 0.07083333333333333
0 0.36640625 0.325 0.0453125 0.07083333333333333
0 0.49921875 0.39479166666666665 0.0640625 0.11041666666666666
0 0.83203125 0.36354166666666665 0.0390625 0.06875
0 0.62421875 0.22708333333333333 0.0390625 0.05
0 0.5203125 0.21666666666666667 0.021875 0.029166666666666667
0 0.26953125 0.24375 0.0265625 0.0375
0 0.26328125 0.27708333333333335 0.0515625 0.07083333333333333
0 0.36640625 0.325 0.0453125 0.07083333333333333
0 0.49921875 0.39479166666666665 0.0640625 0.11041666666666666
