0 0.27421875 0.23854166666666668 0.0203125 0.035416666666666666
0 0.22265625 0.2635416666666667 0.0296875 0.04791666666666667
0 0.3796875 0.334375 0.034375 0.06041666666666667
0 0.50234375 0.21145833333333333 0.0234375 0.01875
0 0.5359375 0.30104166666666665 0.05 0.08541666666666667
0 0.75625 0.30104166666666665 0.03125 0.04375
0 0.75859375 0.371875 0.0546875 0.07291666666666667
0 0.27421875 0.23854166666666668 0.0203125 0.035416666666666666
0 0.22265625 0.2635416666666667 0.0296875 0.04791666666666667
0 0.3796875 0.334375 0.034375 0.06041666666666667
0 0.50234375 0.21145833333333333 0.0234375 0.01875
0 0.5359375 0.30104166666666665 0.05 0.08541666666666667
0 0.75625 0.30104166666666665 0.03125 0.04375
0 0.75859375 0.371875 0.0546875 0.07291666666666667
