0 0.7890625 0.3125 0.03125 0.05
0 0.81796875 0.33958333333333335 0.0421875 0.05
0 0.5203125 0.21354166666666666 0.025 0.022916666666666665
0 0.496875 0.2760416666666667 0.046875 0.05625
0 0.3703125 0.3333333333333333 0.03125 0.058333333333333334
0 0.2765625 0.234375 0.025 0.035416666666666666
0 0.7890625 0.3125 0.03125 0.05
0 0.81796875 0.33958333333333335 0.0421875 0.05
0 0.5203125 0.21354166666666666 0.025 0.022916666666666665
0 0.496875 0.2760416666666667 0.046875 0.05625
0 0.3703125 0.3333333333333333 0.03125 0.058333333333333334
0 0.2765625 0.234375 0.025 0.035416666666666666
