0 0.60078125 0.22291666666666668 0.0265625 0.041666666666666664
0 0.77734375 0.453125 0.0453125 0.07291666666666667
0 0.5046875 0.35625 0.059375 0.09166666666666666
0 0.5078125 0.2833333333333333 0.05 0.05
0 0.36796875 0.34479166666666666 0.0265625 0.052083333333333336
0 0.5234375 0.2125 0.028125 0.020833333333333332
0 0.60078125 0.22291666666666668 0.0265625 0.041666666666666664
0 0.77734375 0.453125 0.0453125 0.07291666666666667
0 0.5046875 0.35625 0.059375 0.09166666666666666
0 0.5078125 0.2833333333333333 0.05 0.05
0 0.36796875 0.34479166666666666 0.0265625 0.052083333333333336
0 0.5234375 0.2125 0.028125 0.020833333333333332
