0 0.26484375 0.23333333333333334 0.0234375 0.025
0 0.3875 0.33541666666666664 0.0375 0.04583333333333333
0 0.5046875 0.21041666666666667 0.021875 0.020833333333333332
0 0.55625 0.3927083333333333 0.05625 0.07291666666666667
0 0.78515625 0.40520833333333334 0.0390625 0.04791666666666667
0 0.26484375 0.23333333333333334 0.0234375 0.025
0 0.3875 0.33541666666666664 0.0375 0.04583333333333333
0 0.5046875 0.21041666666666667 0.021875 0.020833333333333332
0 0.55625 0.3927083333333333 0.05625 0.07291666666666667
0 0.78515625 0.40520833333333334 0.0390625 0.04791666666666667
