0 0.26953125 0.234375 0.0296875 0.03125
0 0.22421875 0.496875 0.0546875 0.08541666666666667
0 0.23046875 0.6364583333333333 0.0859375 0.15208333333333332
0 0.37734375 0.334375 0.0421875 0.05625
0 0.5234375 0.21354166666666666 0.028125 0.022916666666666665
0 0.625 0.22708333333333333 0.0375 0.0375
0 0.82421875 0.3125 0.0359375 0.041666666666666664
0 0.26953125 0.234375 0.0296875 0.03125
0 0.22421875 0.496875 0.0546875 0.08541666666666667
0 0.23046875 0.6364583333333333 0.0859375 0.15208333333333332
0 0.37734375 0.334375 0.0421875 0.05625
0 0.5234375 0.21354166666666666 0.028125 0.022916666666666665
0 0.625 0.22708333333333333 0.0375 0.0375
0 0.82421875 0.3125 0.0359375 0.041666666666666664
