0 0.259375 0.23541666666666666 0.028125 0.041666666666666664
0 0.2375 0.2604166666666667 0.028125 0.05
0 0.38359375 0.35208333333333336 0.0453125 0.06666666666666667
0 0.5109375 0.21354166666666666 0.025 0.022916666666666665
0 0.62734375 0.22708333333333333 0.0265625 0.04583333333333333
0 0.259375 0.23541666666666666 0.028125 0.041666666666666664
0 0.2375 0.2604166666666667 0.028125 0.05
0 0.38359375 0.35208333333333336 0.0453125 0.06666666666666667
0 0.5109375 0.21354166666666666 0.025 0.022916666666666665
0 0.62734375 0.22708333333333333 0.0265625 0.04583333333333333
