0 0.73515625 0.27291666666666664 0.0234375 0.0375
0 0.6453125 0.2625 0.040625 0.05416666666666667
0 0.52578125 0.21458333333333332 0.0234375 0.025
0 0.35859375 0.3302083333333333 0.0359375 0.06041666666666667
0 0.26171875 0.23541666666666666 0.0234375 0.029166666666666667
0 0.73515625 0.27291666666666664 0.0234375 0.0375
0 0.6453125 0.2625 0.040625 0.05416666666666667
0 0.52578125 0.21458333333333332 0.0234375 0.025
0 0.35859375 0.3302083333333333 0.0359375 0.06041666666666667
0 0.26171875 0.23541666666666666 0.0234375 0.029166666666666667
