0 0.38203125 0.340625 0.0390625 0.05625
0 0.52578125 0.21666666666666667 0.0234375 0.029166666666666667
0 0.5640625 0.2677083333333333 0.05 0.06458333333333334
0 0.61328125 0.24270833333333333 0.0328125 0.04375
0 0.72578125 0.26458333333333334 0.0265625 0.041666666666666664
0 0.38203125 0.340625 0.0390625 0.05625
0 0.52578125 0.21666666666666667 0.0234375 0.029166666666666667
0 0.5640625 0.2677083333333333 0.05 0.06458333333333334
0 0.61328125 0.24270833333333333 0.0328125 0.04375
0 0.72578125 0.26458333333333334 0.0265625 0.041666666666666664
