0 0.259375 0.24583333333333332 0.028125 0.041666666666666664
0 0.36640625 0.3385416666666667 0.0390625 0.05625
0 0.521875 0.215625 0.028125 0.027083333333333334
0 0.64140625 0.25625 0.0296875 0.041666666666666664
0 0.74375 0.265625 0.025 0.03958333333333333
0 0.5953125 0.30104166666666665 0.04375 0.06041666666666667
0 0.259375 0.5010416666666667 0.078125 0.12291666666666666
0 0.7890625 0.43854166666666666 0.059375 0.08125
0 0.259375 0.24583333333333332 0.028125 0.041666666666666664
0 0.36640625 0.3385416666666667 0.0390625 0.05625
0 0.521875 0.215625 0.028125 0.027083333333333334
0 0.64140625 0.25625 0.0296875 0.041666666666666664
0 0.74375 0.265625 0.025 0.03958333333333333
0 0.5953125 0.30104166666666665 0.04375 0.06041666666666667
0 0.259375 0.5010416666666667 0.078125 0.12291666666666666
0 0.7890625 0.43854166666666666 0.059375 0.08125
