0 0.384375 0.34270833333333334 0.03125 0.052083333333333336
0 0.528125 0.21770833333333334 0.021875 0.03125
0 0.2671875 0.23854166666666668 0.021875 0.03125
0 0.6359375 0.25416666666666665 0.0375 0.05
0 0.73671875 0.26458333333333334 0.0265625 0.041666666666666664
0 0.5078125 0.6260416666666667 0.071875 0.14375
0 0.84609375 0.33229166666666665 0.0421875 0.06041666666666667
0 0.384375 0.34270833333333334 0.03125 0.052083333333333336
0 0.528125 0.21770833333333334 0.021875 0.03125
0 0.2671875 0.23854166666666668 0.021875 0.03125
0 0.6359375 0.25416666666666665 0.0375 0.05
0 0.73671875 0.26458333333333334 0.0265625 0.041666666666666664
0 0.5078125 0.6260416666666667 0.071875 0.14375
0 0.84609375 0.33229166666666665 0.0421875 0.06041666666666667
