0 0.253125 0.29791666666666666 0.04375 0.0625
0 0.35703125 0.3302083333333333 0.0359375 0.052083333333333336
0 0.0703125 0.5427083333333333 0.078125 0.11458333333333333
0 0.18125 0.3958333333333333 0.071875 0.09166666666666666
0 0.503125 0.3302083333333333 0.046875 0.06875
0 0.828125 0.31979166666666664 0.034375 0.05625
0 0.51015625 0.24583333333333332 0.0265625 0.0375
0 0.253125 0.29791666666666666 0.04375 0.0625
0 0.35703125 0.3302083333333333 0.0359375 0.052083333333333336
0 0.0703125 0.5427083333333333 0.078125 0.11458333333333333
0 0.18125 0.3958333333333333 0.071875 0.09166666666666666
0 0.503125 0.3302083333333333 0.046875 0.06875
0 0.828125 0.31979166666666664 0.034375 0.05625
0 0.51015625 0.24583333333333332 0.0265625 0.0375
