0 0.29453125 0.21979166666666666 0.0203125 0.035416666666666666
0 0.5171875 0.21354166666666666 0.025 0.022916666666666665
0 0.60390625 0.24270833333333333 0.0359375 0.06458333333333334
0 0.73984375 0.271875 0.0265625 0.04375
0 0.78203125 0.3927083333333333 0.0359375 0.052083333333333336
0 0.93984375 0.46770833333333334 0.0578125 0.09791666666666667
0 0.37890625 0.340625 0.0390625 0.06041666666666667
0 0.29453125 0.21979166666666666 0.0203125 0.035416666666666666
0 0.5171875 0.21354166666666666 0.025 0.022916666666666665
0 0.60390625 0.24270833333333333 0.0359375 0.06458333333333334
0 0.73984375 0.271875 0.0265625 0.04375
0 0.78203125 0.3927083333333333 0.0359375 0.052083333333333336
0 0.93984375 0.46770833333333334 0.0578125 0.09791666666666667
0 0.37890625 0.340625 0.0390625 0.06041666666666667
