0 0.2375 0.346875 0.053125 0.08125
0 0.24765625 0.42083333333333334 0.0765625 0.09166666666666666
0 0.35234375 0.3333333333333333 0.0359375 0.058333333333333334
0 0.43046875 0.31875 0.0515625 0.08333333333333333
0 0.628125 0.240625 0.03125 0.04375
0 0.56875 0.328125 0.05 0.07708333333333334
0 0.75 0.37916666666666665 0.046875 0.07083333333333333
0 0.2375 0.346875 0.053125 0.08125
0 0.24765625 0.42083333333333334 0.0765625 0.09166666666666666
0 0.35234375 0.3333333333333333 0.0359375 0.058333333333333334
0 0.43046875 0.31875 0.0515625 0.08333333333333333
0 0.628125 0.240625 0.03125 0.04375
0 0.56875 0.328125 0.05 0.07708333333333334
0 0.75 0.37916666666666665 0.046875 0.07083333333333333
