0 0.24140625 0.2635416666666667 0.0265625 0.04791666666666667
0 0.18671875 0.30104166666666665 0.0296875 0.052083333333333336
0 0.1359375 0.421875 0.040625 0.07291666666666667
0 0.31796875 0.3458333333333333 0.0640625 0.08333333333333333
0 0.37109375 0.33229166666666665 0.0484375 0.07291666666666667
0 0.43671875 0.21354166666666666 0.0265625 0.022916666666666665
0 0.4578125 0.2760416666666667 0.03125 0.04791666666666667
0 0.49765625 0.31875 0.0609375 0.09583333333333334
0 0.76796875 0.403125 0.0484375 0.08125
0 0.24140625 0.2635416666666667 0.0265625 0.04791666666666667
0 0.18671875 0.30104166666666665 0.0296875 0.052083333333333336
0 0.1359375 0.421875 0.040625 0.07291666666666667
0 0.31796875 0.3458333333333333 0.0640625 0.08333333333333333
0 0.37109375 0.33229166666666665 0.0484375 0.07291666666666667
0 0.43671875 0.21354166666666666 0.0265625 0.022916666666666665
0 0.4578125 0.2760416666666667 0.03125 0.04791666666666667
0 0.49765625 0.31875 0.0609375 0.09583333333333334
0 0.76796875 0.403125 0.0484375 0.08125
