0 0.21484375 0.6864583333333333 0.0984375 0.09791666666666667
0 0.02265625 0.6114583333333333 0.0453125 0.11875
0 0.20078125 0.5322916666666667 0.0671875 0.11458333333333333
0 0.24453125 0.2760416666666667 0.0265625 0.04375
0 0.2375 0.3541666666666667 0.05625 0.075
0 0.29453125 0.21458333333333332 0.0203125 0.025
0 0.26875 0.2604166666666667 0.034375 0.075
0 0.403125 0.265625 0.025 0.04375
0 0.44140625 0.26979166666666665 0.0265625 0.04791666666666667
0 0.50546875 0.21354166666666666 0.0234375 0.022916666666666665
0 0.615625 0.253125 0.03125 0.04791666666666667
0 0.565625 0.334375 0.053125 0.08125
0 0.4828125 0.471875 0.06875 0.08125
0 0.78046875 0.3145833333333333 0.0296875 0.05416666666666667
0 0.7453125 0.378125 0.046875 0.07291666666666667
0 0.828125 0.33645833333333336 0.0375 0.05625
0 0.21484375 0.6864583333333333 0.0984375 0.09791666666666667
0 0.02265625 0.6114583333333333 0.0453125 0.11875
0 0.20078125 0.5322916666666667 0.0671875 0.11458333333333333
0 0.24453125 0.2760416666666667 0.0265625 0.04375
0 0.2375 0.3541666666666667 0.05625 0.075
0 0.29453125 0.21458333333333332 0.0203125 0.025
0 0.26875 0.2604166666666667 0.034375 0.075
0 0.403125 0.265625 0.025 0.04375
0 0.44140625 0.26979166666666665 0.0265625 0.04791666666666667
0 0.50546875 0.21354166666666666 0.0234375 0.022916666666666665
0 0.615625 0.253125 0.03125 0.04791666666666667
0 0.565625 0.334375 0.053125 0.08125
0 0.4828125 0.471875 0.06875 0.08125
0 0.78046875 0.3145833333333333 0.0296875 0.05416666666666667
0 0.7453125 0.378125 0.046875 0.07291666666666667
0 0.828125 0.33645833333333336 0.0375 0.05625
