0 0.24609375 0.265625 0.0234375 0.03958333333333333
0 0.19765625 0.30520833333333336 0.0328125 0.04791666666666667
0 0.13203125 0.425 0.0390625 0.058333333333333334
0 0.45625 0.278125 0.028125 0.04375
0 0.38515625 0.34375 0.0328125 0.05416666666666667
0 0.78671875 0.38125 0.0453125 0.07083333333333333
0 0.24609375 0.265625 0.0234375 0.03958333333333333
0 0.19765625 0.30520833333333336 0.0328125 0.04791666666666667
0 0.13203125 0.425 0.0390625 0.058333333333333334
0 0.45625 0.278125 0.028125 0.04375
0 0.38515625 0.34375 0.0328125 0.05416666666666667
0 0.78671875 0.38125 0.0453125 0.07083333333333333
