0 0.5015625 0.2125 0.025 0.020833333333333332
0 0.80625 0.35520833333333335 0.040625 0.06458333333333334
0 0.69375 0.21979166666666666 0.025 0.03125
0 0.59921875 0.259375 0.0359375 0.04791666666666667
0 0.8 0.44166666666666665 0.05 0.0625
0 0.75078125 0.4666666666666667 0.0609375 0.07916666666666666
0 0.5015625 0.37395833333333334 0.065625 0.08541666666666667
0 0.18125 0.39166666666666666 0.05 0.06666666666666667
0 0.5578125 0.290625 0.040625 0.07291666666666667
0 0.5015625 0.2125 0.025 0.020833333333333332
0 0.80625 0.35520833333333335 0.040625 0.06458333333333334
0 0.69375 0.21979166666666666 0.025 0.03125
0 0.59921875 0.259375 0.0359375 0.04791666666666667
0 0.8 0.44166666666666665 0.05 0.0625
0 0.75078125 0.4666666666666667 0.0609375 0.07916666666666666
0 0.5015625 0.37395833333333334 0.065625 0.08541666666666667
0 0.18125 0.39166666666666666 0.05 0.06666666666666667
0 0.5578125 0.290625 0.040625 0.07291666666666667
