0 0.303125 0.21354166666666666 0.01875 0.022916666666666665
0 0.2390625 0.27708333333333335 0.025 0.0375
0 0.284375 0.32083333333333336 0.053125 0.08333333333333333
0 0.16875 0.4197916666666667 0.065625 0.08125
0 0.5015625 0.215625 0.021875 0.027083333333333334
0 0.634375 0.23854166666666668 0.021875 0.03958333333333333
0 0.6140625 0.25833333333333336 0.03125 0.05
0 0.58359375 0.26666666666666666 0.0421875 0.05
0 0.5875 0.33541666666666664 0.046875 0.07083333333333333
0 0.53984375 0.375 0.0609375 0.1
0 0.73203125 0.35 0.0453125 0.07083333333333333
0 0.75703125 0.4583333333333333 0.0609375 0.08333333333333333
0 0.303125 0.21354166666666666 0.01875 0.022916666666666665
0 0.2390625 0.27708333333333335 0.025 0.0375
0 0.284375 0.32083333333333336 0.053125 0.08333333333333333
0 0.16875 0.4197916666666667 0.065625 0.08125
0 0.5015625 0.215625 0.021875 0.027083333333333334
0 0.634375 0.23854166666666668 0.021875 0.03958333333333333
0 0.6140625 0.25833333333333336 0.03125 0.05
0 0.58359375 0.26666666666666666 0.0421875 0.05
0 0.5875 0.33541666666666664 0.046875 0.07083333333333333
0 0.53984375 0.375 0.0609375 0.1
0 0.73203125 0.35 0.0453125 0.07083333333333333
0 0.75703125 0.4583333333333333 0.0609375 0.08333333333333333
