0 0.5203125 0.2125 0.028125 0.025
0 0.44375 0.228125 0.03125 0.03958333333333333
0 0.7640625 0.328125 0.040625 0.06041666666666667
0 0.7765625 0.403125 0.040625 0.06458333333333334
0 0.75078125 0.4552083333333333 0.0578125 0.08958333333333333
0 0.5375 0.35833333333333334 0.05625 0.08333333333333333
0 0.35234375 0.30104166666666665 0.0484375 0.06875
0 0.28671875 0.21875 0.0234375 0.029166666666666667
0 0.5203125 0.2125 0.028125 0.025
0 0.44375 0.228125 0.03125 0.03958333333333333
0 0.7640625 0.328125 0.040625 0.06041666666666667
0 0.7765625 0.403125 0.040625 0.06458333333333334
0 0.75078125 0.4552083333333333 0.0578125 0.08958333333333333
0 0.5375 0.35833333333333334 0.05625 0.08333333333333333
0 0.35234375 0.30104166666666665 0.0484375 0.06875
0 0.28671875 0.21875 0.0234375 0.029166666666666667
