0 0.2875 0.21875 0.025 0.03333333333333333
0 0.2625 0.271875 0.025 0.04791666666666667
0 0.1921875 0.2947916666666667 0.0375 0.052083333333333336
0 0.821875 0.31666666666666665 0.0375 0.058333333333333334
0 0.38671875 0.25104166666666666 0.0390625 0.05625
0 0.45703125 0.259375 0.0296875 0.04791666666666667
0 0.43671875 0.6375 0.1328125 0.175
0 0.2875 0.21875 0.025 0.03333333333333333
0 0.2625 0.271875 0.025 0.04791666666666667
0 0.1921875 0.2947916666666667 0.0375 0.052083333333333336
0 0.821875 0.31666666666666665 0.0375 0.058333333333333334
0 0.38671875 0.25104166666666666 0.0390625 0.05625
0 0.45703125 0.259375 0.0296875 0.04791666666666667
0 0.43671875 0.6375 0.1328125 0.175
