0 0.2078125 0.31979166666666664 0.046875 0.07291666666666667
0 0.24296875 0.28020833333333334 0.0265625 0.04375
0 0.271875 0.24166666666666667 0.025 0.041666666666666664
0 0.384375 0.24895833333333334 0.021875 0.04375
0 0.53046875 0.21145833333333333 0.0203125 0.01875
0 0.40234375 0.28854166666666664 0.0296875 0.04375
0 0.64609375 0.24479166666666666 0.0234375 0.04791666666666667
0 0.62734375 0.25833333333333336 0.0328125 0.04583333333333333
0 0.58046875 0.303125 0.0421875 0.06041666666666667
0 0.78671875 0.26666666666666666 0.0296875 0.041666666666666664
0 0.7890625 0.3697916666666667 0.040625 0.052083333333333336
0 0.2078125 0.31979166666666664 0.046875 0.07291666666666667
0 0.24296875 0.28020833333333334 0.0265625 0.04375
0 0.271875 0.24166666666666667 0.025 0.041666666666666664
0 0.384375 0.24895833333333334 0.021875 0.04375
0 0.53046875 0.21145833333333333 0.0203125 0.01875
0 0.40234375 0.28854166666666664 0.0296875 0.04375
0 0.64609375 0.24479166666666666 0.0234375 0.04791666666666667
0 0.62734375 0.25833333333333336 0.0328125 0.04583333333333333
0 0.58046875 0.303125 0.0421875 0.06041666666666667
0 0.78671875 0.26666666666666666 0.0296875 0.041666666666666664
0 0.7890625 0.3697916666666667 0.040625 0.052083333333333336
