0 0.24609375 0.25625 0.0296875 0.03333333333333333
0 0.35390625 0.33229166666666665 0.0390625 0.05625
0 0.1890625 0.29791666666666666 0.028125 0.04583333333333333
0 0.80546875 0.275 0.0296875 0.041666666666666664
0 0.8140625 0.46458333333333335 0.059375 0.0875
0 0.24609375 0.25625 0.0296875 0.03333333333333333
0 0.35390625 0.33229166666666665 0.0390625 0.05625
0 0.1890625 0.29791666666666666 0.028125 0.04583333333333333
0 0.80546875 0.275 0.0296875 0.041666666666666664
0 0.8140625 0.46458333333333335 0.059375 0.0875
