0 0.45859375 0.25625 0.0296875 0.04583333333333333
0 0.57890625 0.3145833333333333 0.0578125 0.07916666666666666
0 0.7359375 0.38333333333333336 0.046875 0.06666666666666667
0 0.76484375 0.446875 0.0578125 0.08125
0 0.315625 0.434375 0.0625 0.10625
0 0.28671875 0.215625 0.0203125 0.027083333333333334
0 0.23671875 0.3145833333333333 0.0484375 0.08333333333333333
0 0.45859375 0.25625 0.0296875 0.04583333333333333
0 0.57890625 0.3145833333333333 0.0578125 0.07916666666666666
0 0.7359375 0.38333333333333336 0.046875 0.06666666666666667
0 0.76484375 0.446875 0.0578125 0.08125
0 0.315625 0.434375 0.0625 0.10625
0 0.28671875 0.215625 0.0203125 0.027083333333333334
0 0.23671875 0.3145833333333333 0.0484375 0.08333333333333333
