0 0.5265625 0.21354166666666666 0.01875 0.022916666666666665
0 0.6390625 0.25729166666666664 0.028125 0.04375
0 0.796875 0.403125 0.0375 0.06875
0 0.38828125 0.25729166666666664 0.0296875 0.03958333333333333
0 0.38515625 0.290625 0.0296875 0.03958333333333333
0 0.35703125 0.328125 0.0421875 0.052083333333333336
0 0.1734375 0.384375 0.034375 0.04375
0 0.24375 0.2791666666666667 0.025 0.0375
0 0.26875 0.240625 0.01875 0.035416666666666666
0 0.28984375 0.215625 0.0203125 0.027083333333333334
0 0.5265625 0.21354166666666666 0.01875 0.022916666666666665
0 0.6390625 0.25729166666666664 0.028125 0.04375
0 0.796875 0.403125 0.0375 0.06875
0 0.38828125 0.25729166666666664 0.0296875 0.03958333333333333
0 0.38515625 0.290625 0.0296875 0.03958333333333333
0 0.35703125 0.328125 0.0421875 0.052083333333333336
0 0.1734375 0.384375 0.034375 0.04375
0 0.24375 0.2791666666666667 0.025 0.0375
0 0.26875 0.240625 0.01875 0.035416666666666666
0 0.28984375 0.215625 0.0203125 0.027083333333333334
