0 0.290625 0.21875 0.021875 0.03333333333333333
0 0.2640625 0.24375 0.021875 0.0375
0 0.25234375 0.284375 0.0265625 0.04375
0 0.3796875 0.2552083333333333 0.028125 0.03958333333333333
0 0.3859375 0.2916666666666667 0.03125 0.041666666666666664
0 0.47734375 0.221875 0.0265625 0.035416666666666666
0 0.25 0.42291666666666666 0.059375 0.07916666666666666
0 0.64140625 0.24791666666666667 0.0296875 0.04583333333333333
0 0.57890625 0.309375 0.0453125 0.07708333333333334
0 0.7484375 0.353125 0.0375 0.05625
0 0.76171875 0.384375 0.0515625 0.07291666666666667
0 0.7578125 0.459375 0.05625 0.08958333333333333
0 0.5421875 0.4583333333333333 0.059375 0.09166666666666666
0 0.50703125 0.546875 0.0796875 0.13125
0 0.290625 0.21875 0.021875 0.03333333333333333
0 0.2640625 0.24375 0.021875 0.0375
0 0.25234375 0.284375 0.0265625 0.04375
0 0.3796875 0.2552083333333333 0.028125 0.03958333333333333
0 0.3859375 0.2916666666666667 0.03125 0.041666666666666664
0 0.47734375 0.221875 0.0265625 0.035416666666666666
0 0.25 0.42291666666666666 0.059375 0.07916666666666666
0 0.64140625 0.24791666666666667 0.0296875 0.04583333333333333
0 0.57890625 0.309375 0.0453125 0.07708333333333334
0 0.7484375 0.353125 0.0375 0.05625
0 0.76171875 0.384375 0.0515625 0.07291666666666667
0 0.7578125 0.459375 0.05625 0.08958333333333333
0 0.5421875 0.4583333333333333 0.059375 0.09166666666666666
0 0.50703125 0.546875 0.0796875 0.13125
