0 0.22578125 0.265625 0.0296875 0.04791666666666667
0 0.5109375 0.21666666666666667 0.025 0.029166666666666667
0 0.6296875 0.246875 0.025 0.04375
0 0.609375 0.25416666666666665 0.0375 0.0625
0 0.83203125 0.3177083333333333 0.0390625 0.05625
0 0.490625 0.38645833333333335 0.0625 0.08541666666666667
0 0.21875 0.32708333333333334 0.0625 0.1
0 0.2125 0.4375 0.075 0.10833333333333334
0 0.22578125 0.265625 0.0296875 0.04791666666666667
0 0.5109375 0.21666666666666667 0.025 0.029166666666666667
0 0.6296875 0.246875 0.025 0.04375
0 0.609375 0.25416666666666665 0.0375 0.0625
0 0.83203125 0.3177083333333333 0.0390625 0.05625
0 0.490625 0.38645833333333335 0.0625 0.08541666666666667
0 0.21875 0.32708333333333334 0.0625 0.1
0 0.2125 0.4375 0.075 0.10833333333333334
