0 0.228125 0.26458333333333334 0.028125 0.04583333333333333
0 0.2046875 0.31875 0.028125 0.04583333333333333
0 0.1484375 0.4322916666666667 0.0625 0.09791666666666667
0 0.09453125 0.690625 0.0984375 0.13125
0 0.36796875 0.290625 0.0515625 0.07291666666666667
0 0.3171875 0.36666666666666664 0.05625 0.09166666666666666
0 0.5 0.21770833333333334 0.021875 0.03125
0 0.4640625 0.30520833333333336 0.034375 0.052083333333333336
0 0.596875 0.34791666666666665 0.0375 0.07083333333333333
0 0.78828125 0.340625 0.0359375 0.06458333333333334
0 0.9453125 0.496875 0.05 0.06041666666666667
0 0.228125 0.26458333333333334 0.028125 0.04583333333333333
0 0.2046875 0.31875 0.028125 0.04583333333333333
0 0.1484375 0.4322916666666667 0.0625 0.09791666666666667
0 0.09453125 0.690625 0.0984375 0.13125
0 0.36796875 0.290625 0.0515625 0.07291666666666667
0 0.3171875 0.36666666666666664 0.05625 0.09166666666666666
0 0.5 0.21770833333333334 0.021875 0.03125
0 0.4640625 0.30520833333333336 0.034375 0.052083333333333336
0 0.596875 0.34791666666666665 0.0375 0.07083333333333333
0 0.78828125 0.340625 0.0359375 0.06458333333333334
0 0.9453125 0.496875 0.05 0.06041666666666667
