0 0.153125 0.26666666666666666 0.025 0.041666666666666664
0 0.29609375 0.21979166666666666 0.0203125 0.035416666666666666
0 0.27109375 0.24895833333333334 0.0234375 0.04791666666666667
0 0.25 0.27708333333333335 0.03125 0.05
0 0.1703125 0.4041666666666667 0.0375 0.058333333333333334
0 0.246875 0.32916666666666666 0.0625 0.09166666666666666
0 0.353125 0.33125 0.040625 0.0625
0 0.5234375 0.215625 0.025 0.027083333333333334
0 0.37734375 0.28541666666666665 0.0328125 0.05
0 0.40078125 0.25625 0.0296875 0.05
0 0.634375 0.246875 0.028125 0.035416666666666666
0 0.60078125 0.2552083333333333 0.0421875 0.06458333333333334
0 0.790625 0.28020833333333334 0.028125 0.052083333333333336
0 0.76015625 0.321875 0.0328125 0.052083333333333336
0 0.78203125 0.45729166666666665 0.0609375 0.10208333333333333
0 0.153125 0.26666666666666666 0.025 0.041666666666666664
0 0.29609375 0.21979166666666666 0.0203125 0.035416666666666666
0 0.27109375 0.24895833333333334 0.0234375 0.04791666666666667
0 0.25 0.27708333333333335 0.03125 0.05
0 0.1703125 0.4041666666666667 0.0375 0.058333333333333334
0 0.246875 0.32916666666666666 0.0625 0.09166666666666666
0 0.353125 0.33125 0.040625 0.0625
0 0.5234375 0.215625 0.025 0.027083333333333334
0 0.37734375 0.28541666666666665 0.0328125 0.05
0 0.40078125 0.25625 0.0296875 0.05
0 0.634375 0.246875 0.028125 0.035416666666666666
0 0.60078125 0.2552083333333333 0.0421875 0.06458333333333334
0 0.790625 0.28020833333333334 0.028125 0.052083333333333336
0 0.76015625 0.321875 0.0328125 0.052083333333333336
0 0.78203125 0.45729166666666665 0.0609375 0.10208333333333333
