0 0.2984375 0.22083333333333333 0.025 0.0375
0 0.271875 0.24166666666666667 0.025 0.0375
0 0.2328125 0.2635416666666667 0.025 0.03958333333333333
0 0.2171875 0.3145833333333333 0.03125 0.041666666666666664
0 0.40625 0.2604166666666667 0.028125 0.041666666666666664
0 0.140625 0.45 0.0375 0.0625
0 0.2296875 0.503125 0.046875 0.07708333333333334
0 0.55546875 0.26145833333333335 0.0359375 0.05625
0 0.6390625 0.246875 0.03125 0.04375
0 0.5578125 0.31145833333333334 0.04375 0.06041666666666667
0 0.51875 0.37916666666666665 0.071875 0.09583333333333334
0 0.2984375 0.22083333333333333 0.025 0.0375
0 0.271875 0.24166666666666667 0.025 0.0375
0 0.2328125 0.2635416666666667 0.025 0.03958333333333333
0 0.2171875 0.3145833333333333 0.03125 0.041666666666666664
0 0.40625 0.2604166666666667 0.028125 0.041666666666666664
0 0.140625 0.45 0.0375 0.0625
0 0.2296875 0.503125 0.046875 0.07708333333333334
0 0.55546875 0.26145833333333335 0.0359375 0.05625
0 0.6390625 0.246875 0.03125 0.04375
0 0.5578125 0.31145833333333334 0.04375 0.06041666666666667
0 0.51875 0.37916666666666665 0.071875 0.09583333333333334
