0 0.28671875 0.215625 0.0203125 0.027083333333333334
0 0.27421875 0.246875 0.0265625 0.04791666666666667
0 0.24921875 0.27708333333333335 0.0265625 0.04583333333333333
0 0.134375 0.27395833333333336 0.028125 0.04375
0 0.52890625 0.2125 0.0203125 0.025
0 0.415625 0.26145833333333335 0.028125 0.04791666666666667
0 0.38359375 0.29270833333333335 0.0328125 0.052083333333333336
0 0.4578125 0.3260416666666667 0.053125 0.08541666666666667
0 0.4484375 0.40520833333333334 0.06875 0.09375
0 0.5734375 0.328125 0.0375 0.07291666666666667
0 0.60625 0.253125 0.034375 0.05625
0 0.68203125 0.21979166666666666 0.0203125 0.035416666666666666
0 0.75234375 0.3854166666666667 0.0484375 0.0875
0 0.74375 0.49166666666666664 0.059375 0.09166666666666666
0 0.62109375 0.24479166666666666 0.0171875 0.027083333333333334
0 0.28671875 0.215625 0.0203125 0.027083333333333334
0 0.27421875 0.246875 0.0265625 0.04791666666666667
0 0.24921875 0.27708333333333335 0.0265625 0.04583333333333333
0 0.134375 0.27395833333333336 0.028125 0.04375
0 0.52890625 0.2125 0.0203125 0.025
0 0.415625 0.26145833333333335 0.028125 0.04791666666666667
0 0.38359375 0.29270833333333335 0.0328125 0.052083333333333336
0 0.4578125 0.3260416666666667 0.053125 0.08541666666666667
0 0.4484375 0.40520833333333334 0.06875 0.09375
0 0.5734375 0.328125 0.0375 0.07291666666666667
0 0.60625 0.253125 0.034375 0.05625
0 0.68203125 0.21979166666666666 0.0203125 0.035416666666666666
0 0.75234375 0.3854166666666667 0.0484375 0.0875
0 0.74375 0.49166666666666664 0.059375 0.09166666666666666
0 0.62109375 0.24479166666666666 0.0171875 0.027083333333333334
