0 0.7453125 0.4635416666666667 0.05625 0.08541666666666667
0 0.82421875 0.3729166666666667 0.0484375 0.075
0 0.60703125 0.2552083333333333 0.0390625 0.04791666666666667
0 0.553125 0.32916666666666666 0.046875 0.075
0 0.565625 0.40208333333333335 0.0625 0.09166666666666666
0 0.5078125 0.215625 0.021875 0.027083333333333334
0 0.33671875 0.36041666666666666 0.0671875 0.09166666666666666
0 0.23046875 0.26145833333333335 0.0296875 0.035416666666666666
0 0.21328125 0.3177083333333333 0.0390625 0.052083333333333336
0 0.215625 0.3885416666666667 0.06875 0.08958333333333333
0 0.103125 0.5770833333333333 0.025 0.041666666666666664
0 0.1828125 0.6802083333333333 0.115625 0.11875
0 0.7453125 0.4635416666666667 0.05625 0.08541666666666667
0 0.82421875 0.3729166666666667 0.0484375 0.075
0 0.60703125 0.2552083333333333 0.0390625 0.04791666666666667
0 0.553125 0.32916666666666666 0.046875 0.075
0 0.565625 0.40208333333333335 0.0625 0.09166666666666666
0 0.5078125 0.215625 0.021875 0.027083333333333334
0 0.33671875 0.36041666666666666 0.0671875 0.09166666666666666
0 0.23046875 0.26145833333333335 0.0296875 0.035416666666666666
0 0.21328125 0.3177083333333333 0.0390625 0.052083333333333336
0 0.215625 0.3885416666666667 0.06875 0.08958333333333333
0 0.103125 0.5770833333333333 0.025 0.041666666666666664
0 0.1828125 0.6802083333333333 0.115625 0.11875
