0 0.29296875 0.21458333333333332 0.0234375 0.025
0 0.2734375 0.24479166666666666 0.025 0.03958333333333333
0 0.16875 0.4083333333333333 0.0375 0.05416666666666667
0 0.0671875 0.46458333333333335 0.05625 0.10416666666666667
0 0.38046875 0.25104166666666666 0.0265625 0.03958333333333333
0 0.38203125 0.2916666666666667 0.0328125 0.04583333333333333
0 0.3234375 0.321875 0.0375 0.05625
0 0.27109375 0.396875 0.0671875 0.09791666666666667
0 0.44453125 0.39479166666666665 0.0578125 0.08541666666666667
0 0.52265625 0.215625 0.0203125 0.027083333333333334
0 0.553125 0.22604166666666667 0.034375 0.04791666666666667
0 0.64375 0.25625 0.028125 0.04583333333333333
0 0.58359375 0.2875 0.0390625 0.058333333333333334
0 0.54453125 0.32708333333333334 0.0453125 0.07916666666666666
0 0.7671875 0.39791666666666664 0.04375 0.07083333333333333
0 0.0703125 0.684375 0.09375 0.13958333333333334
0 0.21875 0.46458333333333335 0.046875 0.06666666666666667
0 0.29296875 0.21458333333333332 0.0234375 0.025
0 0.2734375 0.24479166666666666 0.025 0.03958333333333333
0 0.16875 0.4083333333333333 0.0375 0.05416666666666667
0 0.0671875 0.46458333333333335 0.05625 0.10416666666666667
0 0.38046875 0.25104166666666666 0.0265625 0.03958333333333333
0 0.38203125 0.2916666666666667 0.0328125 0.04583333333333333
0 0.3234375 0.321875 0.0375 0.05625
0 0.27109375 0.396875 0.0671875 0.09791666666666667
0 0.44453125 0.39479166666666665 0.0578125 0.08541666666666667
0 0.52265625 0.215625 0.0203125 0.027083333333333334
0 0.553125 0.22604166666666667 0.034375 0.04791666666666667
0 0.64375 0.25625 0.028125 0.04583333333333333
0 0.58359375 0.2875 0.0390625 0.058333333333333334
0 0.54453125 0.32708333333333334 0.0453125 0.07916666666666666
0 0.7671875 0.39791666666666664 0.04375 0.07083333333333333
0 0.0703125 0.684375 0.09375 0.13958333333333334
0 0.21875 0.46458333333333335 0.046875 0.06666666666666667
