0 0.296875 0.21770833333333334 0.021875 0.03125
0 0.27421875 0.24583333333333332 0.0265625 0.04583333333333333
0 0.2390625 0.35625 0.04375 0.07083333333333333
0 0.134375 0.275 0.03125 0.04583333333333333
0 0.171875 0.40520833333333334 0.0375 0.06041666666666667
0 0.19140625 0.4739583333333333 0.0703125 0.11458333333333333
0 0.096875 0.71875 0.103125 0.17083333333333334
0 0.52109375 0.21666666666666667 0.0203125 0.029166666666666667
0 0.5578125 0.28229166666666666 0.046875 0.06875
0 0.64375 0.26145833333333335 0.03125 0.04375
0 0.5640625 0.35833333333333334 0.053125 0.08333333333333333
0 0.50546875 0.3927083333333333 0.0609375 0.11041666666666666
0 0.74375 0.38125 0.046875 0.07916666666666666
0 0.74375 0.48541666666666666 0.05625 0.0875
0 0.384375 0.24791666666666667 0.028125 0.04583333333333333
0 0.34921875 0.3302083333333333 0.0453125 0.06458333333333334
0 0.296875 0.21770833333333334 0.021875 0.03125
0 0.27421875 0.24583333333333332 0.0265625 0.04583333333333333
0 0.2390625 0.35625 0.04375 0.07083333333333333
0 0.134375 0.275 0.03125 0.04583333333333333
0 0.171875 0.40520833333333334 0.0375 0.06041666666666667
0 0.19140625 0.4739583333333333 0.0703125 0.11458333333333333
0 0.096875 0.71875 0.103125 0.17083333333333334
0 0.52109375 0.21666666666666667 0.0203125 0.029166666666666667
0 0.5578125 0.28229166666666666 0.046875 0.06875
0 0.64375 0.26145833333333335 0.03125 0.04375
0 0.5640625 0.35833333333333334 0.053125 0.08333333333333333
0 0.50546875 0.3927083333333333 0.0609375 0.11041666666666666
0 0.74375 0.38125 0.046875 0.07916666666666666
0 0.74375 0.48541666666666666 0.05625 0.0875
0 0.384375 0.24791666666666667 0.028125 0.04583333333333333
0 0.34921875 0.3302083333333333 0.0453125 0.06458333333333334
