0 0.17734375 0.3802083333333333 0.0515625 0.08541666666666667
0 0.19609375 0.31354166666666666 0.0296875 0.04375
0 0.259375 0.25833333333333336 0.0375 0.058333333333333334
0 0.340625 0.26979166666666665 0.040625 0.052083333333333336
0 0.32890625 0.390625 0.0515625 0.07708333333333334
0 0.546875 0.415625 0.06875 0.09791666666666667
0 0.4921875 0.215625 0.03125 0.027083333333333334
0 0.61875 0.25104166666666666 0.028125 0.035416666666666666
0 0.17734375 0.3802083333333333 0.0515625 0.08541666666666667
0 0.19609375 0.31354166666666666 0.0296875 0.04375
0 0.259375 0.25833333333333336 0.0375 0.058333333333333334
0 0.340625 0.26979166666666665 0.040625 0.052083333333333336
0 0.32890625 0.390625 0.0515625 0.07708333333333334
0 0.546875 0.415625 0.06875 0.09791666666666667
0 0.4921875 0.215625 0.03125 0.027083333333333334
0 0.61875 0.25104166666666666 0.028125 0.035416666666666666
