0 0.38671875 0.25416666666666665 0.0453125 0.06666666666666667
0 0.2828125 0.22083333333333333 0.021875 0.03333333333333333
0 0.20390625 0.31875 0.0296875 0.04583333333333333
0 0.18984375 0.38125 0.0515625 0.07916666666666666
0 0.53125 0.4270833333333333 0.05 0.0875
0 0.4984375 0.215625 0.021875 0.027083333333333334
0 0.06796875 0.58125 0.0671875 0.09583333333333334
0 0.38671875 0.25416666666666665 0.0453125 0.06666666666666667
0 0.2828125 0.22083333333333333 0.021875 0.03333333333333333
0 0.20390625 0.31875 0.0296875 0.04583333333333333
0 0.18984375 0.38125 0.0515625 0.07916666666666666
0 0.53125 0.4270833333333333 0.05 0.0875
0 0.4984375 0.215625 0.021875 0.027083333333333334
0 0.06796875 0.58125 0.0671875 0.09583333333333334
