0 0.50078125 0.21458333333333332 0.0234375 0.025
0 0.5859375 0.303125 0.040625 0.07708333333333334
0 0.75390625 0.41354166666666664 0.0484375 0.05625
0 0.2828125 0.221875 0.021875 0.03125
0 0.2703125 0.290625 0.034375 0.052083333333333336
0 0.29296875 0.31979166666666664 0.0546875 0.08125
0 0.196875 0.31354166666666666 0.03125 0.052083333333333336
0 0.50078125 0.21458333333333332 0.0234375 0.025
0 0.5859375 0.303125 0.040625 0.07708333333333334
0 0.75390625 0.41354166666666664 0.0484375 0.05625
0 0.2828125 0.221875 0.021875 0.03125
0 0.2703125 0.290625 0.034375 0.052083333333333336
0 0.29296875 0.31979166666666664 0.0546875 0.08125
0 0.196875 0.31354166666666666 0.03125 0.052083333333333336
