0 0.28203125 0.22708333333333333 0.0203125 0.03333333333333333
0 0.50703125 0.21458333333333332 0.0234375 0.025
0 0.4 0.2833333333333333 0.034375 0.05
0 0.14140625 0.2625 0.0234375 0.041666666666666664
0 0.17890625 0.321875 0.0296875 0.04791666666666667
0 0.575 0.24583333333333332 0.0375 0.05
0 0.57890625 0.29791666666666666 0.0359375 0.0625
0 0.5375 0.3770833333333333 0.059375 0.0875
0 0.29296875 0.4354166666666667 0.0609375 0.11666666666666667
0 0.3046875 0.5614583333333333 0.071875 0.13541666666666666
0 0.28203125 0.22708333333333333 0.0203125 0.03333333333333333
0 0.50703125 0.21458333333333332 0.0234375 0.025
0 0.4 0.2833333333333333 0.034375 0.05
0 0.14140625 0.2625 0.0234375 0.041666666666666664
0 0.17890625 0.321875 0.0296875 0.04791666666666667
0 0.575 0.24583333333333332 0.0375 0.05
0 0.57890625 0.29791666666666666 0.0359375 0.0625
0 0.5375 0.3770833333333333 0.059375 0.0875
0 0.29296875 0.4354166666666667 0.0609375 0.11666666666666667
0 0.3046875 0.5614583333333333 0.071875 0.13541666666666666
