0 0.3765625 0.2677083333333333 0.025 0.035416666666666666
0 0.496875 0.3572916666666667 0.05 0.07291666666666667
0 0.25078125 0.3770833333333333 0.0578125 0.07916666666666666
0 0.0953125 0.5145833333333333 0.06875 0.10416666666666667
0 0.2859375 0.221875 0.021875 0.027083333333333334
0 0.1796875 0.31875 0.034375 0.04583333333333333
0 0.49921875 0.21666666666666667 0.0296875 0.029166666666666667
0 0.953125 0.5510416666666667 0.04375 0.08541666666666667
0 0.3765625 0.2677083333333333 0.025 0.035416666666666666
0 0.496875 0.3572916666666667 0.05 0.07291666666666667
0 0.25078125 0.3770833333333333 0.0578125 0.07916666666666666
0 0.0953125 0.5145833333333333 0.06875 0.10416666666666667
0 0.2859375 0.221875 0.021875 0.027083333333333334
0 0.1796875 0.31875 0.034375 0.04583333333333333
0 0.49921875 0.21666666666666667 0.0296875 0.029166666666666667
0 0.953125 0.5510416666666667 0.04375 0.08541666666666667
