0 0.80859375 0.45208333333333334 0.0609375 0.0875
0 0.74609375 0.35625 0.0328125 0.04583333333333333
0 0.6328125 0.25104166666666666 0.021875 0.035416666666666666
0 0.5 0.21458333333333332 0.025 0.025
0 0.2875 0.23020833333333332 0.01875 0.027083333333333334
0 0.18125 0.4197916666666667 0.05625 0.10208333333333333
0 0.18125 0.3072916666666667 0.025 0.027083333333333334
0 0.06171875 0.5208333333333334 0.0609375 0.125
0 0.80859375 0.45208333333333334 0.0609375 0.0875
0 0.74609375 0.35625 0.0328125 0.04583333333333333
0 0.6328125 0.25104166666666666 0.021875 0.035416666666666666
0 0.5 0.21458333333333332 0.025 0.025
0 0.2875 0.23020833333333332 0.01875 0.027083333333333334
0 0.18125 0.4197916666666667 0.05625 0.10208333333333333
0 0.18125 0.3072916666666667 0.025 0.027083333333333334
0 0.06171875 0.5208333333333334 0.0609375 0.125
