0 0.18984375 0.3125 0.0296875 0.041666666666666664
0 0.17421875 0.4114583333333333 0.0609375 0.09375
0 0.040625 0.5395833333333333 0.065625 0.1
0 0.52109375 0.21770833333333334 0.0234375 0.03125
0 0.62734375 0.2520833333333333 0.0265625 0.0375
0 0.67265625 0.24583333333333332 0.0296875 0.04583333333333333
0 0.740625 0.27708333333333335 0.034375 0.05
0 0.81953125 0.31666666666666665 0.0390625 0.05
0 0.7984375 0.35833333333333334 0.0375 0.05
0 0.18984375 0.3125 0.0296875 0.041666666666666664
0 0.17421875 0.4114583333333333 0.0609375 0.09375
0 0.040625 0.5395833333333333 0.065625 0.1
0 0.52109375 0.21770833333333334 0.0234375 0.03125
0 0.62734375 0.2520833333333333 0.0265625 0.0375
0 0.67265625 0.24583333333333332 0.0296875 0.04583333333333333
0 0.740625 0.27708333333333335 0.034375 0.05
0 0.81953125 0.31666666666666665 0.0390625 0.05
0 0.7984375 0.35833333333333334 0.0375 0.05
