0 0.375 0.26979166666666665 0.025 0.04375
0 0.2890625 0.23125 0.021875 0.0375
0 0.17890625 0.31979166666666664 0.0296875 0.04375
0 0.2578125 0.32916666666666666 0.046875 0.06666666666666667
0 0.153125 0.44583333333333336 0.0625 0.10833333333333334
0 0.5375 0.3697916666666667 0.046875 0.06458333333333334
0 0.76328125 0.38333333333333336 0.0515625 0.06666666666666667
0 0.515625 0.21666666666666667 0.021875 0.029166666666666667
0 0.375 0.26979166666666665 0.025 0.04375
0 0.2890625 0.23125 0.021875 0.0375
0 0.17890625 0.31979166666666664 0.0296875 0.04375
0 0.2578125 0.32916666666666666 0.046875 0.06666666666666667
0 0.153125 0.44583333333333336 0.0625 0.10833333333333334
0 0.5375 0.3697916666666667 0.046875 0.06458333333333334
0 0.76328125 0.38333333333333336 0.0515625 0.06666666666666667
0 0.515625 0.21666666666666667 0.021875 0.029166666666666667
