0 0.28125 0.22708333333333333 0.021875 0.0375
0 0.3171875 0.2916666666666667 0.0375 0.075
0 0.375 0.271875 0.028125 0.04791666666666667
0 0.503125 0.21770833333333334 0.025 0.03125
0 0.584375 0.2375 0.034375 0.05
0 0.50546875 0.3697916666666667 0.0640625 0.08125
0 0.55078125 0.2864583333333333 0.0359375 0.04375
0 0.746875 0.45208333333333334 0.059375 0.07916666666666666
0 0.28125 0.22708333333333333 0.021875 0.0375
0 0.3171875 0.2916666666666667 0.0375 0.075
0 0.375 0.271875 0.028125 0.04791666666666667
0 0.503125 0.21770833333333334 0.025 0.03125
0 0.584375 0.2375 0.034375 0.05
0 0.50546875 0.3697916666666667 0.0640625 0.08125
0 0.55078125 0.2864583333333333 0.0359375 0.04375
0 0.746875 0.45208333333333334 0.059375 0.07916666666666666
