0 0.578125 0.31666666666666665 0.04375 0.06666666666666667
0 0.3953125 0.28541666666666665 0.040625 0.06666666666666667
0 0.284375 0.26875 0.0375 0.05416666666666667
0 0.28984375 0.21458333333333332 0.0171875 0.025
0 0.58125 0.7489583333333333 0.1125 0.09791666666666667
0 0.578125 0.31666666666666665 0.04375 0.06666666666666667
0 0.3953125 0.28541666666666665 0.040625 0.06666666666666667
0 0.284375 0.26875 0.0375 0.05416666666666667
0 0.28984375 0.21458333333333332 0.0171875 0.025
0 0.58125 0.7489583333333333 0.1125 0.09791666666666667
