0 0.2828125 0.22395833333333334 0.021875 0.035416666666666666
0 0.24140625 0.26145833333333335 0.0234375 0.03125
0 0.37578125 0.26979166666666665 0.0265625 0.04375
0 0.3859375 0.3416666666666667 0.046875 0.07916666666666666
0 0.19453125 0.353125 0.0578125 0.09375
0 0.28359375 0.47291666666666665 0.0703125 0.10416666666666667
0 0.55 0.35104166666666664 0.046875 0.06875
0 0.634375 0.24166666666666667 0.028125 0.041666666666666664
0 0.76953125 0.3927083333333333 0.0484375 0.06875
0 0.98046875 0.5354166666666667 0.0390625 0.07083333333333333
0 0.6171875 0.7489583333333333 0.09375 0.10625
0 0.2828125 0.22395833333333334 0.021875 0.035416666666666666
0 0.24140625 0.26145833333333335 0.0234375 0.03125
0 0.37578125 0.26979166666666665 0.0265625 0.04375
0 0.3859375 0.3416666666666667 0.046875 0.07916666666666666
0 0.19453125 0.353125 0.0578125 0.09375
0 0.28359375 0.47291666666666665 0.0703125 0.10416666666666667
0 0.55 0.35104166666666664 0.046875 0.06875
0 0.634375 0.24166666666666667 0.028125 0.041666666666666664
0 0.76953125 0.3927083333333333 0.0484375 0.06875
0 0.98046875 0.5354166666666667 0.0390625 0.07083333333333333
0 0.6171875 0.7489583333333333 0.09375 0.10625
