0 0.4953125 0.24375 0.028125 0.05416666666666667
0 0.56328125 0.26666666666666666 0.0453125 0.0625
0 0.4328125 0.21354166666666666 0.025 0.022916666666666665
0 0.534375 0.31979166666666664 0.05 0.06041666666666667
0 0.2890625 0.24895833333333334 0.034375 0.04791666666666667
0 0.2875 0.21770833333333334 0.021875 0.027083333333333334
0 0.4953125 0.24375 0.028125 0.05416666666666667
0 0.56328125 0.26666666666666666 0.0453125 0.0625
0 0.4328125 0.21354166666666666 0.025 0.022916666666666665
0 0.534375 0.31979166666666664 0.05 0.06041666666666667
0 0.2890625 0.24895833333333334 0.034375 0.04791666666666667
0 0.2875 0.21770833333333334 0.021875 0.027083333333333334
