0 0.284375 0.22708333333333333 0.021875 0.03333333333333333
0 0.3015625 0.309375 0.034375 0.04375
0 0.43046875 0.21354166666666666 0.0234375 0.022916666666666665
0 0.51640625 0.21979166666666666 0.0234375 0.03125
0 0.4796875 0.27395833333333336 0.034375 0.04791666666666667
0 0.284375 0.22708333333333333 0.021875 0.03333333333333333
0 0.3015625 0.309375 0.034375 0.04375
0 0.43046875 0.21354166666666666 0.0234375 0.022916666666666665
0 0.51640625 0.21979166666666666 0.0234375 0.03125
0 0.4796875 0.27395833333333336 0.034375 0.04791666666666667
