0 0.44609375 0.4114583333333333 0.0515625 0.09791666666666667
0 0.38359375 0.27291666666666664 0.0265625 0.041666666666666664
0 0.190625 0.3145833333333333 0.03125 0.04583333333333333
0 0.77578125 0.375 0.0421875 0.0625
0 0.78203125 0.4666666666666667 0.0515625 0.075
0 0.55703125 0.2947916666666667 0.0515625 0.07291666666666667
0 0.44609375 0.4114583333333333 0.0515625 0.09791666666666667
0 0.38359375 0.27291666666666664 0.0265625 0.041666666666666664
0 0.190625 0.3145833333333333 0.03125 0.04583333333333333
0 0.77578125 0.375 0.0421875 0.0625
0 0.78203125 0.4666666666666667 0.0515625 0.075
0 0.55703125 0.2947916666666667 0.0515625 0.07291666666666667
