0 0.2828125 0.23125 0.021875 0.0375
0 0.5078125 0.21666666666666667 0.025 0.029166666666666667
0 0.4015625 0.2833333333333333 0.03125 0.05
0 0.175 0.3229166666666667 0.028125 0.04583333333333333
0 0.21015625 0.49895833333333334 0.0609375 0.12291666666666666
0 0.1421875 0.7052083333333333 0.090625 0.13125
0 0.55625 0.34270833333333334 0.053125 0.07291666666666667
0 0.7515625 0.39791666666666664 0.04375 0.0625
0 0.2828125 0.23125 0.021875 0.0375
0 0.5078125 0.21666666666666667 0.025 0.029166666666666667
0 0.4015625 0.2833333333333333 0.03125 0.05
0 0.175 0.3229166666666667 0.028125 0.04583333333333333
0 0.21015625 0.49895833333333334 0.0609375 0.12291666666666666
0 0.1421875 0.7052083333333333 0.090625 0.13125
0 0.55625 0.34270833333333334 0.053125 0.07291666666666667
0 0.7515625 0.39791666666666664 0.04375 0.0625
