0 0.7421875 0.38229166666666664 0.04375 0.07708333333333334
0 0.54609375 0.3697916666666667 0.0546875 0.08541666666666667
0 0.58359375 0.2625 0.0328125 0.058333333333333334
0 0.63828125 0.2375 0.0328125 0.041666666666666664
0 0.43125 0.21354166666666666 0.0375 0.022916666666666665
0 0.31484375 0.309375 0.0359375 0.052083333333333336
0 0.7421875 0.38229166666666664 0.04375 0.07708333333333334
0 0.54609375 0.3697916666666667 0.0546875 0.08541666666666667
0 0.58359375 0.2625 0.0328125 0.058333333333333334
0 0.63828125 0.2375 0.0328125 0.041666666666666664
0 0.43125 0.21354166666666666 0.0375 0.022916666666666665
0 0.31484375 0.309375 0.0359375 0.052083333333333336
