0 0.28359375 0.22083333333333333 0.0203125 0.03333333333333333
0 0.31015625 0.325 0.0328125 0.05
0 0.43671875 0.21666666666666667 0.0234375 0.029166666666666667
0 0.52421875 0.221875 0.0203125 0.03125
0 0.61796875 0.25104166666666666 0.0296875 0.04791666666666667
0 0.44140625 0.3958333333333333 0.0515625 0.07083333333333333
0 0.815625 0.3697916666666667 0.040625 0.06041666666666667
0 0.28359375 0.22083333333333333 0.0203125 0.03333333333333333
0 0.31015625 0.325 0.0328125 0.05
0 0.43671875 0.21666666666666667 0.0234375 0.029166666666666667
0 0.52421875 0.221875 0.0203125 0.03125
0 0.61796875 0.25104166666666666 0.0296875 0.04791666666666667
0 0.44140625 0.3958333333333333 0.0515625 0.07083333333333333
0 0.815625 0.3697916666666667 0.040625 0.06041666666666667
