0 0.43125 0.21458333333333332 0.021875 0.025
0 0.28984375 0.21875 0.0203125 0.03333333333333333
0 0.19296875 0.33645833333333336 0.0484375 0.08541666666666667
0 0.3015625 0.31145833333333334 0.0375 0.05625
0 0.5890625 0.334375 0.046875 0.07291666666666667
0 0.86875 0.37083333333333335 0.040625 0.06666666666666667
0 0.43125 0.21458333333333332 0.021875 0.025
0 0.28984375 0.21875 0.0203125 0.03333333333333333
0 0.19296875 0.33645833333333336 0.0484375 0.08541666666666667
0 0.3015625 0.31145833333333334 0.0375 0.05625
0 0.5890625 0.334375 0.046875 0.07291666666666667
0 0.86875 0.37083333333333335 0.040625 0.06666666666666667
