0 0.43046875 0.21666666666666667 0.0265625 0.029166666666666667
0 0.28671875 0.3177083333333333 0.0328125 0.052083333333333336
0 0.19140625 0.321875 0.0515625 0.07291666666666667
0 0.365625 0.32395833333333335 0.059375 0.07291666666666667
0 0.753125 0.228125 0.021875 0.03125
0 0.825 0.290625 0.034375 0.04791666666666667
0 0.5625 0.7583333333333333 0.090625 0.08333333333333333
0 0.43046875 0.21666666666666667 0.0265625 0.029166666666666667
0 0.28671875 0.3177083333333333 0.0328125 0.052083333333333336
0 0.19140625 0.321875 0.0515625 0.07291666666666667
0 0.365625 0.32395833333333335 0.059375 0.07291666666666667
0 0.753125 0.228125 0.021875 0.03125
0 0.825 0.290625 0.034375 0.04791666666666667
0 0.5625 0.7583333333333333 0.090625 0.08333333333333333
