0 0.7453125 0.38333333333333336 0.053125 0.075
0 0.54765625 0.36875 0.0515625 0.08333333333333333
0 0.60078125 0.26979166666666665 0.0328125 0.06458333333333334
0 0.63125 0.24166666666666667 0.03125 0.04583333333333333
0 0.284375 0.221875 0.01875 0.03958333333333333
0 0.26484375 0.25416666666666665 0.0234375 0.03333333333333333
0 0.7453125 0.38333333333333336 0.053125 0.075
0 0.54765625 0.36875 0.0515625 0.08333333333333333
0 0.60078125 0.26979166666666665 0.0328125 0.06458333333333334
0 0.63125 0.24166666666666667 0.03125 0.04583333333333333
0 0.284375 0.221875 0.01875 0.03958333333333333
0 0.26484375 0.25416666666666665 0.0234375 0.03333333333333333
