0 0.2875 0.221875 0.01875 0.03958333333333333
0 0.26640625 0.240625 0.0234375 0.035416666666666666
0 0.21796875 0.309375 0.0296875 0.035416666666666666
0 0.59375 0.296875 0.04375 0.06875
0 0.73671875 0.33541666666666664 0.0296875 0.05
0 0.4140625 0.32395833333333335 0.046875 0.07291666666666667
0 0.49765625 0.49583333333333335 0.0515625 0.07083333333333333
0 0.74765625 0.5041666666666667 0.0515625 0.08333333333333333
0 0.25625 0.325 0.028125 0.03333333333333333
0 0.29140625 0.3020833333333333 0.0171875 0.0375
0 0.23984375 0.3625 0.0265625 0.03333333333333333
0 0.1203125 0.5854166666666667 0.046875 0.05416666666666667
0 0.2875 0.221875 0.01875 0.03958333333333333
0 0.26640625 0.240625 0.0234375 0.035416666666666666
0 0.21796875 0.309375 0.0296875 0.035416666666666666
0 0.59375 0.296875 0.04375 0.06875
0 0.73671875 0.33541666666666664 0.0296875 0.05
0 0.4140625 0.32395833333333335 0.046875 0.07291666666666667
0 0.49765625 0.49583333333333335 0.0515625 0.07083333333333333
0 0.74765625 0.5041666666666667 0.0515625 0.08333333333333333
0 0.25625 0.325 0.028125 0.03333333333333333
0 0.29140625 0.3020833333333333 0.0171875 0.0375
0 0.23984375 0.3625 0.0265625 0.03333333333333333
0 0.1203125 0.5854166666666667 0.046875 0.05416666666666667
