0 0.57578125 0.278125 0.0390625 0.08125
0 0.75625 0.36666666666666664 0.05 0.06666666666666667
0 0.5140625 0.5416666666666666 0.065625 0.075
0 0.44296875 0.275 0.0328125 0.05
0 0.38203125 0.2677083333333333 0.0421875 0.06458333333333334
0 0.296875 0.24583333333333332 0.01875 0.03333333333333333
0 0.2625 0.296875 0.0375 0.06041666666666667
0 0.20546875 0.30416666666666664 0.0234375 0.03333333333333333
0 0.29609375 0.303125 0.0203125 0.03125
0 0.26796875 0.3229166666666667 0.0234375 0.03333333333333333
0 0.25 0.353125 0.025 0.035416666666666666
0 0.12109375 0.5822916666666667 0.0390625 0.052083333333333336
0 0.57578125 0.278125 0.0390625 0.08125
0 0.75625 0.36666666666666664 0.05 0.06666666666666667
0 0.5140625 0.5416666666666666 0.065625 0.075
0 0.44296875 0.275 0.0328125 0.05
0 0.38203125 0.2677083333333333 0.0421875 0.06458333333333334
0 0.296875 0.24583333333333332 0.01875 0.03333333333333333
0 0.2625 0.296875 0.0375 0.06041666666666667
0 0.20546875 0.30416666666666664 0.0234375 0.03333333333333333
0 0.29609375 0.303125 0.0203125 0.03125
0 0.26796875 0.3229166666666667 0.0234375 0.03333333333333333
0 0.25 0.353125 0.025 0.035416666666666666
0 0.12109375 0.5822916666666667 0.0390625 0.052083333333333336
