0 0.29296875 0.30104166666666665 0.0234375 0.03125
0 0.2640625 0.32395833333333335 0.021875 0.035416666666666666
0 0.24453125 0.35833333333333334 0.0234375 0.041666666666666664
0 0.8359375 0.3645833333333333 0.03125 0.0375
0 0.115625 0.5947916666666667 0.0375 0.04791666666666667
0 0.29296875 0.30104166666666665 0.0234375 0.03125
0 0.2640625 0.32395833333333335 0.021875 0.035416666666666666
0 0.24453125 0.35833333333333334 0.0234375 0.041666666666666664
0 0.8359375 0.3645833333333333 0.03125 0.0375
0 0.115625 0.5947916666666667 0.0375 0.04791666666666667
