0 0.28984375 0.22291666666666668 0.0203125 0.041666666666666664
0 0.26640625 0.25416666666666665 0.0234375 0.0375
0 0.2125 0.3104166666666667 0.025 0.0375
0 0.75546875 0.3770833333333333 0.0484375 0.075
0 0.29609375 0.2989583333333333 0.0203125 0.03125
0 0.26953125 0.3260416666666667 0.0234375 0.035416666666666666
0 0.2421875 0.35625 0.028125 0.04583333333333333
0 0.11015625 0.5489583333333333 0.0484375 0.06041666666666667
0 0.58046875 0.42604166666666665 0.0453125 0.06041666666666667
0 0.5171875 0.4395833333333333 0.05625 0.0625
0 0.74609375 0.478125 0.0484375 0.07291666666666667
0 0.28984375 0.22291666666666668 0.0203125 0.041666666666666664
0 0.26640625 0.25416666666666665 0.0234375 0.0375
0 0.2125 0.3104166666666667 0.025 0.0375
0 0.75546875 0.3770833333333333 0.0484375 0.075
0 0.29609375 0.2989583333333333 0.0203125 0.03125
0 0.26953125 0.3260416666666667 0.0234375 0.035416666666666666
0 0.2421875 0.35625 0.028125 0.04583333333333333
0 0.11015625 0.5489583333333333 0.0484375 0.06041666666666667
0 0.58046875 0.42604166666666665 0.0453125 0.06041666666666667
0 0.5171875 0.4395833333333333 0.05625 0.0625
0 0.74609375 0.478125 0.0484375 0.07291666666666667
