0 0.284375 0.30416666666666664 0.021875 0.03333333333333333
0 0.2640625 0.321875 0.025 0.03125
0 0.240625 0.35520833333333335 0.025 0.04375
0 0.83359375 0.37395833333333334 0.0296875 0.04791666666666667
0 0.828125 0.4010416666666667 0.03125 0.052083333333333336
0 0.5828125 0.39895833333333336 0.0375 0.052083333333333336
0 0.52734375 0.5135416666666667 0.0515625 0.09375
0 0.284375 0.30416666666666664 0.021875 0.03333333333333333
0 0.2640625 0.321875 0.025 0.03125
0 0.240625 0.35520833333333335 0.025 0.04375
0 0.83359375 0.37395833333333334 0.0296875 0.04791666666666667
0 0.828125 0.4010416666666667 0.03125 0.052083333333333336
0 0.5828125 0.39895833333333336 0.0375 0.052083333333333336
0 0.52734375 0.5135416666666667 0.0515625 0.09375
