0 0.74453125 0.25625 0.0328125 0.041666666666666664
0 0.6359375 0.24479166666666666 0.028125 0.03958333333333333
0 0.575 0.21041666666666667 0.021875 0.016666666666666666
0 0.13125 0.42291666666666666 0.03125 0.05416666666666667
0 0.15546875 0.45416666666666666 0.0390625 0.05
0 0.74453125 0.25625 0.0328125 0.041666666666666664
0 0.6359375 0.24479166666666666 0.028125 0.03958333333333333
0 0.575 0.21041666666666667 0.021875 0.016666666666666666
0 0.13125 0.42291666666666666 0.03125 0.05416666666666667
0 0.15546875 0.45416666666666666 0.0390625 0.05
