0 0.19921875 0.30104166666666665 0.0265625 0.04375
0 0.2734375 0.259375 0.025 0.04375
0 0.75078125 0.3729166666666667 0.0515625 0.07083333333333333
0 0.2828125 0.31354166666666666 0.025 0.03125
0 0.26953125 0.32083333333333336 0.0234375 0.03333333333333333
0 0.24375 0.35520833333333335 0.025 0.03958333333333333
0 0.509375 0.48541666666666666 0.05625 0.0875
0 0.7921875 0.5 0.065625 0.075
0 0.19921875 0.30104166666666665 0.0265625 0.04375
0 0.2734375 0.259375 0.025 0.04375
0 0.75078125 0.3729166666666667 0.0515625 0.07083333333333333
0 0.2828125 0.31354166666666666 0.025 0.03125
0 0.26953125 0.32083333333333336 0.0234375 0.03333333333333333
0 0.24375 0.35520833333333335 0.025 0.03958333333333333
0 0.509375 0.48541666666666666 0.05625 0.0875
0 0.7921875 0.5 0.065625 0.075
