0 0.1125 0.5489583333333333 0.04375 0.06875
0 0.2953125 0.30520833333333336 0.01875 0.035416666666666666
0 0.26640625 0.32395833333333335 0.0203125 0.035416666666666666
0 0.24140625 0.35625 0.0265625 0.05
0 0.58515625 0.4041666666666667 0.0390625 0.06666666666666667
0 0.81953125 0.4510416666666667 0.0453125 0.07291666666666667
0 0.1125 0.5489583333333333 0.04375 0.06875
0 0.2953125 0.30520833333333336 0.01875 0.035416666666666666
0 0.26640625 0.32395833333333335 0.0203125 0.035416666666666666
0 0.24140625 0.35625 0.0265625 0.05
0 0.58515625 0.4041666666666667 0.0390625 0.06666666666666667
0 0.81953125 0.4510416666666667 0.0453125 0.07291666666666667
