0 0.28046875 0.22291666666666668 0.0203125 0.0375
0 0.21640625 0.3020833333333333 0.0296875 0.041666666666666664
0 0.75078125 0.26666666666666666 0.0328125 0.041666666666666664
0 0.578125 0.215625 0.025 0.027083333333333334
0 0.290625 0.3 0.01875 0.03333333333333333
0 0.26640625 0.31979166666666664 0.0265625 0.03125
0 0.2421875 0.35520833333333335 0.028125 0.04375
0 0.59296875 0.28854166666666664 0.0296875 0.03125
0 0.734375 0.32708333333333334 0.034375 0.04583333333333333
0 0.13359375 0.5833333333333334 0.0359375 0.0375
0 0.28046875 0.22291666666666668 0.0203125 0.0375
0 0.21640625 0.3020833333333333 0.0296875 0.041666666666666664
0 0.75078125 0.26666666666666666 0.0328125 0.041666666666666664
0 0.578125 0.215625 0.025 0.027083333333333334
0 0.290625 0.3 0.01875 0.03333333333333333
0 0.26640625 0.31979166666666664 0.0265625 0.03125
0 0.2421875 0.35520833333333335 0.028125 0.04375
0 0.59296875 0.28854166666666664 0.0296875 0.03125
0 0.734375 0.32708333333333334 0.034375 0.04583333333333333
0 0.13359375 0.5833333333333334 0.0359375 0.0375
