0 0.2890625 0.21875 0.028125 0.03333333333333333
0 0.21015625 0.3020833333333333 0.0296875 0.041666666666666664
0 0.29765625 0.3020833333333333 0.0234375 0.03333333333333333
0 0.2703125 0.32083333333333336 0.021875 0.03333333333333333
0 0.246875 0.35 0.025 0.0375
0 0.103125 0.5770833333333333 0.04375 0.0625
0 0.2890625 0.21875 0.028125 0.03333333333333333
0 0.21015625 0.3020833333333333 0.0296875 0.041666666666666664
0 0.29765625 0.3020833333333333 0.0234375 0.03333333333333333
0 0.2703125 0.32083333333333336 0.021875 0.03333333333333333
0 0.246875 0.35 0.025 0.0375
0 0.103125 0.5770833333333333 0.04375 0.0625
