0 0.215625 0.309375 0.03125 0.04791666666666667
0 0.278125 0.24270833333333333 0.025 0.03958333333333333
0 0.2921875 0.22395833333333334 0.021875 0.03958333333333333
0 0.5203125 0.215625 0.021875 0.027083333333333334
0 0.8078125 0.2864583333333333 0.028125 0.052083333333333336
0 0.446875 0.25104166666666666 0.021875 0.03125
0 0.565625 0.29791666666666666 0.025 0.0375
0 0.39765625 0.284375 0.0265625 0.03125
0 0.62265625 0.29375 0.0203125 0.029166666666666667
0 0.70546875 0.37916666666666665 0.0296875 0.029166666666666667
0 0.31875 0.3177083333333333 0.025 0.03125
0 0.246875 0.31875 0.01875 0.025
0 0.240625 0.353125 0.021875 0.035416666666666666
0 0.303125 0.40520833333333334 0.0375 0.04375
0 0.3421875 0.4635416666666667 0.040625 0.05625
0 0.42578125 0.2947916666666667 0.0265625 0.035416666666666666
0 0.215625 0.309375 0.03125 0.04791666666666667
0 0.278125 0.24270833333333333 0.025 0.03958333333333333
0 0.2921875 0.22395833333333334 0.021875 0.03958333333333333
0 0.5203125 0.215625 0.021875 0.027083333333333334
0 0.8078125 0.2864583333333333 0.028125 0.052083333333333336
0 0.446875 0.25104166666666666 0.021875 0.03125
0 0.565625 0.29791666666666666 0.025 0.0375
0 0.39765625 0.284375 0.0265625 0.03125
0 0.62265625 0.29375 0.0203125 0.029166666666666667
0 0.70546875 0.37916666666666665 0.0296875 0.029166666666666667
0 0.31875 0.3177083333333333 0.025 0.03125
0 0.246875 0.31875 0.01875 0.025
0 0.240625 0.353125 0.021875 0.035416666666666666
0 0.303125 0.40520833333333334 0.0375 0.04375
0 0.3421875 0.4635416666666667 0.040625 0.05625
0 0.42578125 0.2947916666666667 0.0265625 0.035416666666666666
