0 0.2609375 0.2552083333333333 0.025 0.035416666666666666
0 0.21953125 0.3125 0.0296875 0.041666666666666664
0 0.98515625 0.5572916666666666 0.0296875 0.09791666666666667
0 0.33515625 0.31979166666666664 0.0265625 0.03125
0 0.26875 0.32083333333333336 0.025 0.03333333333333333
0 0.24921875 0.353125 0.0234375 0.03958333333333333
0 0.44609375 0.39166666666666666 0.0390625 0.07083333333333333
0 0.5453125 0.44375 0.071875 0.09583333333333334
0 0.10078125 0.546875 0.0484375 0.06875
0 0.8640625 0.42916666666666664 0.040625 0.058333333333333334
0 0.36796875 0.6541666666666667 0.1171875 0.16666666666666666
0 0.2609375 0.2552083333333333 0.025 0.035416666666666666
0 0.21953125 0.3125 0.0296875 0.041666666666666664
0 0.98515625 0.5572916666666666 0.0296875 0.09791666666666667
0 0.33515625 0.31979166666666664 0.0265625 0.03125
0 0.26875 0.32083333333333336 0.025 0.03333333333333333
0 0.24921875 0.353125 0.0234375 0.03958333333333333
0 0.44609375 0.39166666666666666 0.0390625 0.07083333333333333
0 0.5453125 0.44375 0.071875 0.09583333333333334
0 0.10078125 0.546875 0.0484375 0.06875
0 0.8640625 0.42916666666666664 0.040625 0.058333333333333334
0 0.36796875 0.6541666666666667 0.1171875 0.16666666666666666
