0 0.6375 0.3072916666666667 0.025 0.035416666666666666
0 0.5484375 0.28958333333333336 0.028125 0.03333333333333333
0 0.54921875 0.290625 0.0265625 0.03958333333333333
0 0.3125 0.32083333333333336 0.025 0.03333333333333333
0 0.2640625 0.321875 0.025 0.03125
0 0.2484375 0.35520833333333335 0.025 0.03958333333333333
0 0.53828125 0.4552083333333333 0.0546875 0.08541666666666667
0 0.765625 0.496875 0.071875 0.08125
0 0.6375 0.3072916666666667 0.025 0.035416666666666666
0 0.5484375 0.28958333333333336 0.028125 0.03333333333333333
0 0.54921875 0.290625 0.0265625 0.03958333333333333
0 0.3125 0.32083333333333336 0.025 0.03333333333333333
0 0.2640625 0.321875 0.025 0.03125
0 0.2484375 0.35520833333333335 0.025 0.03958333333333333
0 0.53828125 0.4552083333333333 0.0546875 0.08541666666666667
0 0.765625 0.496875 0.071875 0.08125
