0 0.52265625 0.2125 0.0203125 0.020833333333333332
0 0.75703125 0.39479166666666665 0.0515625 0.07708333333333334
0 0.571875 0.334375 0.04375 0.06458333333333334
0 0.42578125 0.37916666666666665 0.0578125 0.09166666666666666
0 0.40703125 0.2708333333333333 0.0453125 0.07083333333333333
0 0.31328125 0.35625 0.0546875 0.07916666666666666
0 0.2890625 0.22708333333333333 0.021875 0.0375
0 0.27734375 0.24270833333333333 0.0234375 0.03125
0 0.21640625 0.30416666666666664 0.0265625 0.041666666666666664
0 0.5859375 0.30833333333333335 0.028125 0.0375
0 0.4734375 0.29791666666666666 0.03125 0.03333333333333333
0 0.33125 0.321875 0.025 0.03125
0 0.26015625 0.315625 0.0265625 0.022916666666666665
0 0.2484375 0.35625 0.025 0.03333333333333333
0 0.64921875 0.30416666666666664 0.0328125 0.03333333333333333
0 0.52265625 0.2125 0.0203125 0.020833333333333332
0 0.75703125 0.39479166666666665 0.0515625 0.07708333333333334
0 0.571875 0.334375 0.04375 0.06458333333333334
0 0.42578125 0.37916666666666665 0.0578125 0.09166666666666666
0 0.40703125 0.2708333333333333 0.0453125 0.07083333333333333
0 0.31328125 0.35625 0.0546875 0.07916666666666666
0 0.2890625 0.22708333333333333 0.021875 0.0375
0 0.27734375 0.24270833333333333 0.0234375 0.03125
0 0.21640625 0.30416666666666664 0.0265625 0.041666666666666664
0 0.5859375 0.30833333333333335 0.028125 0.0375
0 0.4734375 0.29791666666666666 0.03125 0.03333333333333333
0 0.33125 0.321875 0.025 0.03125
0 0.26015625 0.315625 0.0265625 0.022916666666666665
0 0.2484375 0.35625 0.025 0.03333333333333333
0 0.64921875 0.30416666666666664 0.0328125 0.03333333333333333
