0 0.2609375 0.31875 0.028125 0.029166666666666667
0 0.24140625 0.35104166666666664 0.0234375 0.035416666666666666
0 0.46328125 0.28854166666666664 0.0203125 0.03125
0 0.59375 0.30104166666666665 0.01875 0.035416666666666666
0 0.56171875 0.315625 0.0234375 0.03125
0 0.58046875 0.346875 0.0328125 0.04375
0 0.596875 0.371875 0.04375 0.04791666666666667
0 0.7625 0.36354166666666665 0.034375 0.052083333333333336
0 0.3484375 0.41041666666666665 0.034375 0.04583333333333333
0 0.446875 0.6395833333333333 0.065625 0.1
0 0.2609375 0.31875 0.028125 0.029166666666666667
0 0.24140625 0.35104166666666664 0.0234375 0.035416666666666666
0 0.46328125 0.28854166666666664 0.0203125 0.03125
0 0.59375 0.30104166666666665 0.01875 0.035416666666666666
0 0.56171875 0.315625 0.0234375 0.03125
0 0.58046875 0.346875 0.0328125 0.04375
0 0.596875 0.371875 0.04375 0.04791666666666667
0 0.7625 0.36354166666666665 0.034375 0.052083333333333336
0 0.3484375 0.41041666666666665 0.034375 0.04583333333333333
0 0.446875 0.6395833333333333 0.065625 0.1
