0 0.31484375 0.3177083333333333 0.0234375 0.03125
0 0.275 0.31979166666666664 0.021875 0.03125
0 0.23984375 0.3541666666666667 0.0234375 0.041666666666666664
0 0.34765625 0.41458333333333336 0.0421875 0.058333333333333334
0 0.321875 0.465625 0.0375 0.052083333333333336
0 0.43125 0.28020833333333334 0.028125 0.03125
0 0.53671875 0.29375 0.0296875 0.03333333333333333
0 0.5765625 0.3333333333333333 0.03125 0.0375
0 0.7609375 0.35104166666666664 0.03125 0.04375
0 0.31484375 0.3177083333333333 0.0234375 0.03125
0 0.275 0.31979166666666664 0.021875 0.03125
0 0.23984375 0.3541666666666667 0.0234375 0.041666666666666664
0 0.34765625 0.41458333333333336 0.0421875 0.058333333333333334
0 0.321875 0.465625 0.0375 0.052083333333333336
0 0.43125 0.28020833333333334 0.028125 0.03125
0 0.53671875 0.29375 0.0296875 0.03333333333333333
0 0.5765625 0.3333333333333333 0.03125 0.0375
0 0.7609375 0.35104166666666664 0.03125 0.04375
