0 0.60390625 0.4125 0.0359375 0.0625
0 0.5015625 0.45416666666666666 0.059375 0.07083333333333333
0 0.3109375 0.43645833333333334 0.040625 0.052083333333333336
0 0.30234375 0.40208333333333335 0.0390625 0.04583333333333333
0 0.47265625 0.30104166666666665 0.0359375 0.03958333333333333
0 0.55234375 0.3125 0.0234375 0.03333333333333333
0 0.56953125 0.3458333333333333 0.0265625 0.041666666666666664
0 0.60625 0.309375 0.03125 0.04375
0 0.32421875 0.32395833333333335 0.0265625 0.035416666666666666
0 0.2703125 0.31979166666666664 0.028125 0.03125
0 0.25078125 0.3572916666666667 0.0296875 0.04375
0 0.60390625 0.4125 0.0359375 0.0625
0 0.5015625 0.45416666666666666 0.059375 0.07083333333333333
0 0.3109375 0.43645833333333334 0.040625 0.052083333333333336
0 0.30234375 0.40208333333333335 0.0390625 0.04583333333333333
0 0.47265625 0.30104166666666665 0.0359375 0.03958333333333333
0 0.55234375 0.3125 0.0234375 0.03333333333333333
0 0.56953125 0.3458333333333333 0.0265625 0.041666666666666664
0 0.60625 0.309375 0.03125 0.04375
0 0.32421875 0.32395833333333335 0.0265625 0.035416666666666666
0 0.2703125 0.31979166666666664 0.028125 0.03125
0 0.25078125 0.3572916666666667 0.0296875 0.04375
