0 0.76171875 0.44375 0.0546875 0.075
0 0.7984375 0.53125 0.053125 0.07916666666666666
0 0.58515625 0.3104166666666667 0.0328125 0.0375
0 0.49609375 0.27291666666666664 0.0203125 0.029166666666666667
0 0.47421875 0.3125 0.0234375 0.020833333333333332
0 0.31640625 0.32083333333333336 0.0265625 0.03333333333333333
0 0.2609375 0.32083333333333336 0.025 0.025
0 0.2484375 0.35625 0.021875 0.03333333333333333
0 0.76171875 0.44375 0.0546875 0.075
0 0.7984375 0.53125 0.053125 0.07916666666666666
0 0.58515625 0.3104166666666667 0.0328125 0.0375
0 0.49609375 0.27291666666666664 0.0203125 0.029166666666666667
0 0.47421875 0.3125 0.0234375 0.020833333333333332
0 0.31640625 0.32083333333333336 0.0265625 0.03333333333333333
0 0.2609375 0.32083333333333336 0.025 0.025
0 0.2484375 0.35625 0.021875 0.03333333333333333
