0 0.5140625 0.41041666666666665 0.05625 0.07916666666666666
0 0.5359375 0.21770833333333334 0.021875 0.03125
0 0.5484375 0.23854166666666668 0.025 0.03958333333333333
0 0.21484375 0.3104166666666667 0.0265625 0.03333333333333333
0 0.32578125 0.31354166666666666 0.0234375 0.035416666666666666
0 0.26640625 0.3229166666666667 0.0265625 0.0375
0 0.10390625 0.546875 0.0453125 0.04791666666666667
0 0.55234375 0.31145833333333334 0.0265625 0.03958333333333333
0 0.5140625 0.41041666666666665 0.05625 0.07916666666666666
0 0.5359375 0.21770833333333334 0.021875 0.03125
0 0.5484375 0.23854166666666668 0.025 0.03958333333333333
0 0.21484375 0.3104166666666667 0.0265625 0.03333333333333333
0 0.32578125 0.31354166666666666 0.0234375 0.035416666666666666
0 0.26640625 0.3229166666666667 0.0265625 0.0375
0 0.10390625 0.546875 0.0453125 0.04791666666666667
0 0.55234375 0.31145833333333334 0.0265625 0.03958333333333333
