0 0.46171875 0.2552083333333333 0.0234375 0.035416666666666666
0 0.53203125 0.3 0.0265625 0.03333333333333333
0 0.4671875 0.34791666666666665 0.03125 0.041666666666666664
0 0.33359375 0.32083333333333336 0.0265625 0.03333333333333333
0 0.26328125 0.325 0.0265625 0.03333333333333333
0 0.29921875 0.4083333333333333 0.0390625 0.05
0 0.5625 0.4875 0.059375 0.07916666666666666
0 0.62265625 0.3125 0.0234375 0.0375
0 0.78203125 0.334375 0.0328125 0.04375
0 0.33671875 0.46458333333333335 0.0421875 0.05
0 0.46171875 0.2552083333333333 0.0234375 0.035416666666666666
0 0.53203125 0.3 0.0265625 0.03333333333333333
0 0.4671875 0.34791666666666665 0.03125 0.041666666666666664
0 0.33359375 0.32083333333333336 0.0265625 0.03333333333333333
0 0.26328125 0.325 0.0265625 0.03333333333333333
0 0.29921875 0.4083333333333333 0.0390625 0.05
0 0.5625 0.4875 0.059375 0.07916666666666666
0 0.62265625 0.3125 0.0234375 0.0375
0 0.78203125 0.334375 0.0328125 0.04375
0 0.33671875 0.46458333333333335 0.0421875 0.05
