0 0.5859375 0.25625 0.040625 0.05416666666666667
0 0.3484375 0.35 0.053125 0.06666666666666667
0 0.2765625 0.23854166666666668 0.021875 0.035416666666666666
0 0.21171875 0.30520833333333336 0.0265625 0.04375
0 0.12109375 0.5114583333333333 0.0546875 0.10625
0 0.20390625 0.5770833333333333 0.0703125 0.12916666666666668
0 0.30703125 0.7114583333333333 0.1515625 0.17291666666666666
0 0.98359375 0.534375 0.0328125 0.10208333333333333
0 0.2921875 0.303125 0.021875 0.035416666666666666
0 0.26328125 0.321875 0.0234375 0.035416666666666666
0 0.25 0.353125 0.021875 0.03958333333333333
0 0.12421875 0.56875 0.0421875 0.058333333333333334
0 0.46484375 0.38125 0.0390625 0.04583333333333333
0 0.4375 0.390625 0.059375 0.07708333333333334
0 0.5859375 0.25625 0.040625 0.05416666666666667
0 0.3484375 0.35 0.053125 0.06666666666666667
0 0.2765625 0.23854166666666668 0.021875 0.035416666666666666
0 0.21171875 0.30520833333333336 0.0265625 0.04375
0 0.12109375 0.5114583333333333 0.0546875 0.10625
0 0.20390625 0.5770833333333333 0.0703125 0.12916666666666668
0 0.30703125 0.7114583333333333 0.1515625 0.17291666666666666
0 0.98359375 0.534375 0.0328125 0.10208333333333333
0 0.2921875 0.303125 0.021875 0.035416666666666666
0 0.26328125 0.321875 0.0234375 0.035416666666666666
0 0.25 0.353125 0.021875 0.03958333333333333
0 0.12421875 0.56875 0.0421875 0.058333333333333334
0 0.46484375 0.38125 0.0390625 0.04583333333333333
0 0.4375 0.390625 0.059375 0.07708333333333334
