0 0.32734375 0.321875 0.0234375 0.03125
0 0.2671875 0.315625 0.021875 0.03125
0 0.24921875 0.353125 0.0234375 0.035416666666666666
0 0.4296875 0.40520833333333334 0.05 0.06875
0 0.31875 0.43125 0.0625 0.08333333333333333
0 0.47109375 0.5458333333333333 0.0640625 0.0875
0 0.13203125 0.5833333333333334 0.0859375 0.1125
0 0.12578125 0.5729166666666666 0.0484375 0.0625
0 0.77109375 0.46041666666666664 0.0578125 0.07083333333333333
0 0.32734375 0.321875 0.0234375 0.03125
0 0.2671875 0.315625 0.021875 0.03125
0 0.24921875 0.353125 0.0234375 0.035416666666666666
0 0.4296875 0.40520833333333334 0.05 0.06875
0 0.31875 0.43125 0.0625 0.08333333333333333
0 0.47109375 0.5458333333333333 0.0640625 0.0875
0 0.13203125 0.5833333333333334 0.0859375 0.1125
0 0.12578125 0.5729166666666666 0.0484375 0.0625
0 0.77109375 0.46041666666666664 0.0578125 0.07083333333333333
