0 0.43046875 0.28229166666666666 0.0265625 0.035416666666666666
0 0.4828125 0.26666666666666666 0.021875 0.029166666666666667
0 0.49375 0.2677083333333333 0.025 0.035416666666666666
0 0.3390625 0.31979166666666664 0.028125 0.035416666666666666
0 0.2640625 0.32083333333333336 0.025 0.03333333333333333
0 0.25 0.3541666666666667 0.025 0.0375
0 0.390625 0.3885416666666667 0.05 0.06458333333333334
0 0.49453125 0.3927083333333333 0.0515625 0.06458333333333334
0 0.9078125 0.5208333333333334 0.046875 0.075
0 0.43046875 0.28229166666666666 0.0265625 0.035416666666666666
0 0.4828125 0.26666666666666666 0.021875 0.029166666666666667
0 0.49375 0.2677083333333333 0.025 0.035416666666666666
0 0.3390625 0.31979166666666664 0.028125 0.035416666666666666
0 0.2640625 0.32083333333333336 0.025 0.03333333333333333
0 0.25 0.3541666666666667 0.025 0.0375
0 0.390625 0.3885416666666667 0.05 0.06458333333333334
0 0.49453125 0.3927083333333333 0.0515625 0.06458333333333334
0 0.9078125 0.5208333333333334 0.046875 0.075
