0 0.52421875 0.2125 0.0265625 0.020833333333333332
0 0.26328125 0.25729166666666664 0.0265625 0.035416666666666666
0 0.21953125 0.3125 0.0265625 0.0375
0 0.80390625 0.3770833333333333 0.0390625 0.0625
0 0.3203125 0.309375 0.025 0.027083333333333334
0 0.2640625 0.31979166666666664 0.025 0.03125
0 0.25 0.35 0.025 0.0375
0 0.29296875 0.6020833333333333 0.0765625 0.1
0 0.48828125 0.46875 0.0546875 0.0875
0 0.53984375 0.434375 0.0578125 0.07708333333333334
0 0.5484375 0.271875 0.025 0.03958333333333333
0 0.76796875 0.42604166666666665 0.0484375 0.07291666666666667
0 0.76640625 0.48020833333333335 0.0578125 0.07708333333333334
0 0.52421875 0.2125 0.0265625 0.020833333333333332
0 0.26328125 0.25729166666666664 0.0265625 0.035416666666666666
0 0.21953125 0.3125 0.0265625 0.0375
0 0.80390625 0.3770833333333333 0.0390625 0.0625
0 0.3203125 0.309375 0.025 0.027083333333333334
0 0.2640625 0.31979166666666664 0.025 0.03125
0 0.25 0.35 0.025 0.0375
0 0.29296875 0.6020833333333333 0.0765625 0.1
0 0.48828125 0.46875 0.0546875 0.0875
0 0.53984375 0.434375 0.0578125 0.07708333333333334
0 0.5484375 0.271875 0.025 0.03958333333333333
0 0.76796875 0.42604166666666665 0.0484375 0.07291666666666667
0 0.76640625 0.48020833333333335 0.0578125 0.07708333333333334
