0 0.26171875 0.31979166666666664 0.0234375 0.035416666666666666
0 0.328125 0.31979166666666664 0.028125 0.035416666666666666
0 0.25 0.353125 0.025 0.03958333333333333
0 0.478125 0.259375 0.034375 0.03125
0 0.525 0.26145833333333335 0.03125 0.035416666666666666
0 0.61640625 0.3020833333333333 0.0265625 0.03333333333333333
0 0.56640625 0.30625 0.0265625 0.0375
0 0.6140625 0.38229166666666664 0.040625 0.06041666666666667
0 0.54140625 0.41770833333333335 0.0546875 0.06458333333333334
0 0.38828125 0.58125 0.0734375 0.10833333333333334
0 0.7296875 0.3645833333333333 0.0375 0.05
0 0.8234375 0.42291666666666666 0.040625 0.05416666666666667
0 0.26171875 0.31979166666666664 0.0234375 0.035416666666666666
0 0.328125 0.31979166666666664 0.028125 0.035416666666666666
0 0.25 0.353125 0.025 0.03958333333333333
0 0.478125 0.259375 0.034375 0.03125
0 0.525 0.26145833333333335 0.03125 0.035416666666666666
0 0.61640625 0.3020833333333333 0.0265625 0.03333333333333333
0 0.56640625 0.30625 0.0265625 0.0375
0 0.6140625 0.38229166666666664 0.040625 0.06041666666666667
0 0.54140625 0.41770833333333335 0.0546875 0.06458333333333334
0 0.38828125 0.58125 0.0734375 0.10833333333333334
0 0.7296875 0.3645833333333333 0.0375 0.05
0 0.8234375 0.42291666666666666 0.040625 0.05416666666666667
