0 0.56015625 0.3 0.0234375 0.0375
0 0.38828125 0.3104166666666667 0.0421875 0.041666666666666664
0 0.5015625 0.3104166666666667 0.028125 0.0375
0 0.47265625 0.39791666666666664 0.0296875 0.03333333333333333
0 0.26875 0.32083333333333336 0.028125 0.03333333333333333
0 0.33359375 0.321875 0.0265625 0.03125
0 0.2984375 0.41354166666666664 0.04375 0.052083333333333336
0 0.3375 0.4635416666666667 0.04375 0.05625
0 0.81953125 0.3416666666666667 0.0265625 0.04583333333333333
0 0.82734375 0.3697916666666667 0.0328125 0.04791666666666667
0 0.56015625 0.3 0.0234375 0.0375
0 0.38828125 0.3104166666666667 0.0421875 0.041666666666666664
0 0.5015625 0.3104166666666667 0.028125 0.0375
0 0.47265625 0.39791666666666664 0.0296875 0.03333333333333333
0 0.26875 0.32083333333333336 0.028125 0.03333333333333333
0 0.33359375 0.321875 0.0265625 0.03125
0 0.2984375 0.41354166666666664 0.04375 0.052083333333333336
0 0.3375 0.4635416666666667 0.04375 0.05625
0 0.81953125 0.3416666666666667 0.0265625 0.04583333333333333
0 0.82734375 0.3697916666666667 0.0328125 0.04791666666666667
