0 0.27890625 0.215625 0.0203125 0.027083333333333334
0 0.27734375 0.23854166666666668 0.0265625 0.03125
0 0.215625 0.30625 0.028125 0.0375
0 0.35234375 0.28541666666666665 0.0515625 0.07916666666666666
0 0.525 0.21354166666666666 0.021875 0.022916666666666665
0 0.8046875 0.28229166666666666 0.028125 0.052083333333333336
0 0.55234375 0.43125 0.0546875 0.07916666666666666
0 0.77109375 0.503125 0.0640625 0.07708333333333334
0 0.77578125 0.40208333333333335 0.0390625 0.05416666666666667
0 0.56640625 0.3260416666666667 0.0390625 0.052083333333333336
0 0.503125 0.32916666666666666 0.04375 0.058333333333333334
0 0.42578125 0.29375 0.0296875 0.041666666666666664
0 0.33515625 0.31875 0.0265625 0.03333333333333333
0 0.246875 0.35208333333333336 0.028125 0.03333333333333333
0 0.2609375 0.321875 0.028125 0.035416666666666666
0 0.59140625 0.3104166666666667 0.0265625 0.04583333333333333
0 0.496875 0.296875 0.034375 0.035416666666666666
0 0.27890625 0.215625 0.0203125 0.027083333333333334
0 0.27734375 0.23854166666666668 0.0265625 0.03125
0 0.215625 0.30625 0.028125 0.0375
0 0.35234375 0.28541666666666665 0.0515625 0.07916666666666666
0 0.525 0.21354166666666666 0.021875 0.022916666666666665
0 0.8046875 0.28229166666666666 0.028125 0.052083333333333336
0 0.55234375 0.43125 0.0546875 0.07916666666666666
0 0.77109375 0.503125 0.0640625 0.07708333333333334
0 0.77578125 0.40208333333333335 0.0390625 0.05416666666666667
0 0.56640625 0.3260416666666667 0.0390625 0.052083333333333336
0 0.503125 0.32916666666666666 0.04375 0.058333333333333334
0 0.42578125 0.29375 0.0296875 0.041666666666666664
0 0.33515625 0.31875 0.0265625 0.03333333333333333
0 0.246875 0.35208333333333336 0.028125 0.03333333333333333
0 0.2609375 0.321875 0.028125 0.035416666666666666
0 0.59140625 0.3104166666666667 0.0265625 0.04583333333333333
0 0.496875 0.296875 0.034375 0.035416666666666666
