0 0.57421875 0.328125 0.0453125 0.06041666666666667
0 0.51484375 0.21875 0.0328125 0.029166666666666667
0 0.28359375 0.215625 0.0234375 0.027083333333333334
0 0.27109375 0.23854166666666668 0.0265625 0.027083333333333334
0 0.19375 0.30104166666666665 0.03125 0.03125
0 0.2609375 0.32083333333333336 0.028125 0.03333333333333333
0 0.24921875 0.3541666666666667 0.0234375 0.029166666666666667
0 0.32265625 0.315625 0.0265625 0.03125
0 0.34296875 0.3729166666666667 0.0515625 0.058333333333333334
0 0.51328125 0.2989583333333333 0.0390625 0.03958333333333333
0 0.584375 0.30520833333333336 0.025 0.03958333333333333
0 0.61640625 0.31979166666666664 0.0296875 0.03125
0 0.5640625 0.4010416666666667 0.04375 0.07708333333333334
0 0.57421875 0.328125 0.0453125 0.06041666666666667
0 0.51484375 0.21875 0.0328125 0.029166666666666667
0 0.28359375 0.215625 0.0234375 0.027083333333333334
0 0.27109375 0.23854166666666668 0.0265625 0.027083333333333334
0 0.19375 0.30104166666666665 0.03125 0.03125
0 0.2609375 0.32083333333333336 0.028125 0.03333333333333333
0 0.24921875 0.3541666666666667 0.0234375 0.029166666666666667
0 0.32265625 0.315625 0.0265625 0.03125
0 0.34296875 0.3729166666666667 0.0515625 0.058333333333333334
0 0.51328125 0.2989583333333333 0.0390625 0.03958333333333333
0 0.584375 0.30520833333333336 0.025 0.03958333333333333
0 0.61640625 0.31979166666666664 0.0296875 0.03125
0 0.5640625 0.4010416666666667 0.04375 0.07708333333333334
