0 0.51640625 0.21458333333333332 0.0265625 0.025
0 0.53125 0.35 0.08125 0.0875
0 0.75703125 0.39479166666666665 0.0515625 0.07708333333333334
0 0.2875 0.21666666666666667 0.021875 0.029166666666666667
0 0.27890625 0.23854166666666668 0.0234375 0.03125
0 0.19921875 0.3020833333333333 0.0296875 0.041666666666666664
0 0.54140625 0.32083333333333336 0.0265625 0.03333333333333333
0 0.59765625 0.3020833333333333 0.0296875 0.03333333333333333
0 0.33203125 0.32708333333333334 0.0265625 0.03333333333333333
0 0.2671875 0.3177083333333333 0.025 0.03125
0 0.2984375 0.4125 0.034375 0.04583333333333333
0 0.34140625 0.459375 0.0328125 0.052083333333333336
0 0.778125 0.33541666666666664 0.03125 0.0375
0 0.8265625 0.38645833333333335 0.040625 0.04791666666666667
0 0.51640625 0.21458333333333332 0.0265625 0.025
0 0.53125 0.35 0.08125 0.0875
0 0.75703125 0.39479166666666665 0.0515625 0.07708333333333334
0 0.2875 0.21666666666666667 0.021875 0.029166666666666667
0 0.27890625 0.23854166666666668 0.0234375 0.03125
0 0.19921875 0.3020833333333333 0.0296875 0.041666666666666664
0 0.54140625 0.32083333333333336 0.0265625 0.03333333333333333
0 0.59765625 0.3020833333333333 0.0296875 0.03333333333333333
0 0.33203125 0.32708333333333334 0.0265625 0.03333333333333333
0 0.2671875 0.3177083333333333 0.025 0.03125
0 0.2984375 0.4125 0.034375 0.04583333333333333
0 0.34140625 0.459375 0.0328125 0.052083333333333336
0 0.778125 0.33541666666666664 0.03125 0.0375
0 0.8265625 0.38645833333333335 0.040625 0.04791666666666667
