0 0.54453125 0.36770833333333336 0.0359375 0.04791666666666667
0 0.54921875 0.46770833333333334 0.0578125 0.07708333333333334
0 0.2875 0.534375 0.071875 0.08958333333333333
0 0.26015625 0.46875 0.0359375 0.05416666666666667
0 0.74921875 0.321875 0.0296875 0.04791666666666667
0 0.765625 0.478125 0.05625 0.08125
0 0.47734375 0.31875 0.0296875 0.05416666666666667
0 0.54453125 0.36770833333333336 0.0359375 0.04791666666666667
0 0.54921875 0.46770833333333334 0.0578125 0.07708333333333334
0 0.2875 0.534375 0.071875 0.08958333333333333
0 0.26015625 0.46875 0.0359375 0.05416666666666667
0 0.74921875 0.321875 0.0296875 0.04791666666666667
0 0.765625 0.478125 0.05625 0.08125
0 0.47734375 0.31875 0.0296875 0.05416666666666667
