0 0.5265625 0.21770833333333334 0.028125 0.03125
0 0.54765625 0.24375 0.0390625 0.05416666666666667
0 0.75390625 0.38125 0.0515625 0.07916666666666666
0 0.3296875 0.36041666666666666 0.065625 0.09583333333333334
0 0.17265625 0.540625 0.0734375 0.14375
0 0.2671875 0.21979166666666666 0.021875 0.035416666666666666
0 0.275 0.240625 0.025 0.035416666666666666
0 0.20234375 0.30833333333333335 0.0265625 0.03333333333333333
0 0.259375 0.3260416666666667 0.025 0.035416666666666666
0 0.33203125 0.32708333333333334 0.0234375 0.029166666666666667
0 0.29765625 0.4114583333333333 0.0453125 0.052083333333333336
0 0.31953125 0.45729166666666665 0.0484375 0.05625
0 0.49453125 0.290625 0.0234375 0.03125
0 0.5390625 0.30625 0.028125 0.0375
0 0.60234375 0.30520833333333336 0.0328125 0.035416666666666666
0 0.73984375 0.32916666666666666 0.0234375 0.03333333333333333
0 0.77890625 0.3458333333333333 0.0359375 0.041666666666666664
0 0.5265625 0.21770833333333334 0.028125 0.03125
0 0.54765625 0.24375 0.0390625 0.05416666666666667
0 0.75390625 0.38125 0.0515625 0.07916666666666666
0 0.3296875 0.36041666666666666 0.065625 0.09583333333333334
0 0.17265625 0.540625 0.0734375 0.14375
0 0.2671875 0.21979166666666666 0.021875 0.035416666666666666
0 0.275 0.240625 0.025 0.035416666666666666
0 0.20234375 0.30833333333333335 0.0265625 0.03333333333333333
0 0.259375 0.3260416666666667 0.025 0.035416666666666666
0 0.33203125 0.32708333333333334 0.0234375 0.029166666666666667
0 0.29765625 0.4114583333333333 0.0453125 0.052083333333333336
0 0.31953125 0.45729166666666665 0.0484375 0.05625
0 0.49453125 0.290625 0.0234375 0.03125
0 0.5390625 0.30625 0.028125 0.0375
0 0.60234375 0.30520833333333336 0.0328125 0.035416666666666666
0 0.73984375 0.32916666666666666 0.0234375 0.03333333333333333
0 0.77890625 0.3458333333333333 0.0359375 0.041666666666666664
