0 0.325 0.3229166666666667 0.025 0.03333333333333333
0 0.2609375 0.31666666666666665 0.025 0.03333333333333333
0 0.475 0.25729166666666664 0.01875 0.03125
0 0.57734375 0.30416666666666664 0.0171875 0.0375
0 0.70078125 0.3729166666666667 0.0234375 0.03333333333333333
0 0.47109375 0.571875 0.0546875 0.08958333333333333
0 0.325 0.3229166666666667 0.025 0.03333333333333333
0 0.2609375 0.31666666666666665 0.025 0.03333333333333333
0 0.475 0.25729166666666664 0.01875 0.03125
0 0.57734375 0.30416666666666664 0.0171875 0.0375
0 0.70078125 0.3729166666666667 0.0234375 0.03333333333333333
0 0.47109375 0.571875 0.0546875 0.08958333333333333
