0 0.571875 0.30104166666666665 0.028125 0.035416666666666666
0 0.45 0.28229166666666666 0.028125 0.03125
0 0.3359375 0.3229166666666667 0.025 0.03333333333333333
0 0.26640625 0.321875 0.0234375 0.03125
0 0.740625 0.315625 0.021875 0.03125
0 0.94921875 0.5114583333333333 0.0453125 0.07291666666666667
0 0.571875 0.30104166666666665 0.028125 0.035416666666666666
0 0.45 0.28229166666666666 0.028125 0.03125
0 0.3359375 0.3229166666666667 0.025 0.03333333333333333
0 0.26640625 0.321875 0.0234375 0.03125
0 0.740625 0.315625 0.021875 0.03125
0 0.94921875 0.5114583333333333 0.0453125 0.07291666666666667
