0 0.28046875 0.225 0.0265625 0.041666666666666664
0 0.20234375 0.303125 0.0265625 0.03958333333333333
0 0.6390625 0.21770833333333334 0.025 0.03125
0 0.603125 0.21354166666666666 0.028125 0.022916666666666665
0 0.78125 0.27395833333333336 0.034375 0.04375
0 0.28515625 0.51875 0.0859375 0.075
0 0.43203125 0.3177083333333333 0.0390625 0.04791666666666667
0 0.34921875 0.290625 0.0265625 0.03125
0 0.33046875 0.3104166666666667 0.0234375 0.03333333333333333
0 0.2171875 0.39166666666666666 0.040625 0.04583333333333333
0 0.70625 0.37916666666666665 0.03125 0.0375
0 0.5546875 0.30833333333333335 0.025 0.0375
0 0.28046875 0.225 0.0265625 0.041666666666666664
0 0.20234375 0.303125 0.0265625 0.03958333333333333
0 0.6390625 0.21770833333333334 0.025 0.03125
0 0.603125 0.21354166666666666 0.028125 0.022916666666666665
0 0.78125 0.27395833333333336 0.034375 0.04375
0 0.28515625 0.51875 0.0859375 0.075
0 0.43203125 0.3177083333333333 0.0390625 0.04791666666666667
0 0.34921875 0.290625 0.0265625 0.03125
0 0.33046875 0.3104166666666667 0.0234375 0.03333333333333333
0 0.2171875 0.39166666666666666 0.040625 0.04583333333333333
0 0.70625 0.37916666666666665 0.03125 0.0375
0 0.5546875 0.30833333333333335 0.025 0.0375
