0 0.2859375 0.21979166666666666 0.021875 0.035416666666666666
0 0.4609375 0.284375 0.040625 0.052083333333333336
0 0.565625 0.27395833333333336 0.04375 0.052083333333333336
0 0.54765625 0.346875 0.0546875 0.08958333333333333
0 0.771875 0.39375 0.04375 0.075
0 0.19765625 0.303125 0.0296875 0.04375
0 0.271875 0.24375 0.025 0.029166666666666667
0 0.4046875 0.2916666666666667 0.025 0.03333333333333333
0 0.47109375 0.30104166666666665 0.0359375 0.03958333333333333
0 0.55859375 0.346875 0.0390625 0.052083333333333336
0 0.475 0.38229166666666664 0.04375 0.04791666666666667
0 0.25390625 0.4552083333333333 0.0390625 0.06041666666666667
0 0.38515625 0.446875 0.0484375 0.07291666666666667
0 0.278125 0.50625 0.040625 0.0625
0 0.73515625 0.3854166666666667 0.0328125 0.0375
0 0.2859375 0.21979166666666666 0.021875 0.035416666666666666
0 0.4609375 0.284375 0.040625 0.052083333333333336
0 0.565625 0.27395833333333336 0.04375 0.052083333333333336
0 0.54765625 0.346875 0.0546875 0.08958333333333333
0 0.771875 0.39375 0.04375 0.075
0 0.19765625 0.303125 0.0296875 0.04375
0 0.271875 0.24375 0.025 0.029166666666666667
0 0.4046875 0.2916666666666667 0.025 0.03333333333333333
0 0.47109375 0.30104166666666665 0.0359375 0.03958333333333333
0 0.55859375 0.346875 0.0390625 0.052083333333333336
0 0.475 0.38229166666666664 0.04375 0.04791666666666667
0 0.25390625 0.4552083333333333 0.0390625 0.06041666666666667
0 0.38515625 0.446875 0.0484375 0.07291666666666667
0 0.278125 0.50625 0.040625 0.0625
0 0.73515625 0.3854166666666667 0.0328125 0.0375
