0 0.4796875 0.2864583333333333 0.01875 0.027083333333333334
0 0.33203125 0.321875 0.0234375 0.035416666666666666
0 0.26640625 0.321875 0.0203125 0.03125
0 0.29375 0.4125 0.034375 0.05
0 0.29609375 0.46041666666666664 0.0390625 0.05
0 0.63125 0.321875 0.028125 0.035416666666666666
0 0.4796875 0.2864583333333333 0.01875 0.027083333333333334
0 0.33203125 0.321875 0.0234375 0.035416666666666666
0 0.26640625 0.321875 0.0203125 0.03125
0 0.29375 0.4125 0.034375 0.05
0 0.29609375 0.46041666666666664 0.0390625 0.05
0 0.63125 0.321875 0.028125 0.035416666666666666
