0 0.21640625 0.30520833333333336 0.0328125 0.04375
0 0.28671875 0.21979166666666666 0.0328125 0.03125
0 0.62890625 0.24895833333333334 0.0265625 0.03958333333333333
0 0.9359375 0.5822916666666667 0.05 0.08125
0 0.34375 0.29375 0.034375 0.03333333333333333
0 0.47109375 0.28541666666666665 0.0234375 0.029166666666666667
0 0.49140625 0.30520833333333336 0.0265625 0.03958333333333333
0 0.74140625 0.321875 0.0296875 0.035416666666666666
0 0.29296875 0.37916666666666665 0.0328125 0.0375
0 0.253125 0.4625 0.040625 0.05416666666666667
0 0.2796875 0.50625 0.040625 0.05416666666666667
0 0.56875 0.47708333333333336 0.059375 0.08333333333333333
0 0.7703125 0.5052083333333334 0.075 0.10208333333333333
0 0.21640625 0.30520833333333336 0.0328125 0.04375
0 0.28671875 0.21979166666666666 0.0328125 0.03125
0 0.62890625 0.24895833333333334 0.0265625 0.03958333333333333
0 0.9359375 0.5822916666666667 0.05 0.08125
0 0.34375 0.29375 0.034375 0.03333333333333333
0 0.47109375 0.28541666666666665 0.0234375 0.029166666666666667
0 0.49140625 0.30520833333333336 0.0265625 0.03958333333333333
0 0.74140625 0.321875 0.0296875 0.035416666666666666
0 0.29296875 0.37916666666666665 0.0328125 0.0375
0 0.253125 0.4625 0.040625 0.05416666666666667
0 0.2796875 0.50625 0.040625 0.05416666666666667
0 0.56875 0.47708333333333336 0.059375 0.08333333333333333
0 0.7703125 0.5052083333333334 0.075 0.10208333333333333
