0 0.5046875 0.446875 0.040625 0.06041666666666667
0 0.30859375 0.4666666666666667 0.0453125 0.058333333333333334
0 0.28125 0.5072916666666667 0.040625 0.052083333333333336
0 0.309375 0.321875 0.0375 0.04791666666666667
0 0.35 0.3020833333333333 0.025 0.041666666666666664
0 0.72109375 0.38333333333333336 0.0234375 0.041666666666666664
0 0.771875 0.4979166666666667 0.05625 0.075
0 0.5046875 0.446875 0.040625 0.06041666666666667
0 0.30859375 0.4666666666666667 0.0453125 0.058333333333333334
0 0.28125 0.5072916666666667 0.040625 0.052083333333333336
0 0.309375 0.321875 0.0375 0.04791666666666667
0 0.35 0.3020833333333333 0.025 0.041666666666666664
0 0.72109375 0.38333333333333336 0.0234375 0.041666666666666664
0 0.771875 0.4979166666666667 0.05625 0.075
