0 0.53046875 0.47291666666666665 0.0640625 0.07916666666666666
0 0.28515625 0.509375 0.0421875 0.052083333333333336
0 0.26328125 0.46041666666666664 0.0359375 0.05416666666666667
0 0.45546875 0.32708333333333334 0.0296875 0.0375
0 0.53984375 0.37604166666666666 0.0390625 0.052083333333333336
0 0.8171875 0.39166666666666666 0.03125 0.04583333333333333
0 0.72734375 0.3885416666666667 0.0296875 0.04375
0 0.54921875 0.32083333333333336 0.0296875 0.0375
0 0.53046875 0.47291666666666665 0.0640625 0.07916666666666666
0 0.28515625 0.509375 0.0421875 0.052083333333333336
0 0.26328125 0.46041666666666664 0.0359375 0.05416666666666667
0 0.45546875 0.32708333333333334 0.0296875 0.0375
0 0.53984375 0.37604166666666666 0.0390625 0.052083333333333336
0 0.8171875 0.39166666666666666 0.03125 0.04583333333333333
0 0.72734375 0.3885416666666667 0.0296875 0.04375
0 0.54921875 0.32083333333333336 0.0296875 0.0375
