0 0.44921875 0.365625 0.0359375 0.04375
0 0.7078125 0.37083333333333335 0.034375 0.041666666666666664
0 0.7640625 0.503125 0.071875 0.08125
0 0.37734375 0.36666666666666664 0.0328125 0.05
0 0.3 0.378125 0.034375 0.04375
0 0.27265625 0.509375 0.0578125 0.06041666666666667
0 0.246875 0.459375 0.046875 0.06458333333333334
0 0.44921875 0.365625 0.0359375 0.04375
0 0.7078125 0.37083333333333335 0.034375 0.041666666666666664
0 0.7640625 0.503125 0.071875 0.08125
0 0.37734375 0.36666666666666664 0.0328125 0.05
0 0.3 0.378125 0.034375 0.04375
0 0.27265625 0.509375 0.0578125 0.06041666666666667
0 0.246875 0.459375 0.046875 0.06458333333333334
