0 0.31875 0.29270833333333335 0.025 0.027083333333333334
0 0.2828125 0.3802083333333333 0.028125 0.03958333333333333
0 0.25546875 0.45625 0.0359375 0.05
0 0.28359375 0.496875 0.0359375 0.052083333333333336
0 0.13359375 0.5666666666666667 0.0578125 0.07083333333333333
0 0.57578125 0.37395833333333334 0.0234375 0.03125
0 0.70546875 0.3614583333333333 0.0296875 0.035416666666666666
0 0.31875 0.29270833333333335 0.025 0.027083333333333334
0 0.2828125 0.3802083333333333 0.028125 0.03958333333333333
0 0.25546875 0.45625 0.0359375 0.05
0 0.28359375 0.496875 0.0359375 0.052083333333333336
0 0.13359375 0.5666666666666667 0.0578125 0.07083333333333333
0 0.57578125 0.37395833333333334 0.0234375 0.03125
0 0.70546875 0.3614583333333333 0.0296875 0.035416666666666666
