0 0.2875 0.21770833333333334 0.01875 0.03125
0 0.27734375 0.23958333333333334 0.0265625 0.03333333333333333
0 0.203125 0.30104166666666665 0.028125 0.052083333333333336
0 0.5546875 0.240625 0.040625 0.06458333333333334
0 0.7875 0.2760416666666667 0.03125 0.052083333333333336
0 0.52421875 0.45625 0.0796875 0.12916666666666668
0 0.565625 0.2947916666666667 0.028125 0.027083333333333334
0 0.328125 0.3229166666666667 0.03125 0.0375
0 0.26484375 0.31666666666666665 0.0296875 0.03333333333333333
0 0.825 0.3927083333333333 0.040625 0.04791666666666667
0 0.2875 0.21770833333333334 0.01875 0.03125
0 0.27734375 0.23958333333333334 0.0265625 0.03333333333333333
0 0.203125 0.30104166666666665 0.028125 0.052083333333333336
0 0.5546875 0.240625 0.040625 0.06458333333333334
0 0.7875 0.2760416666666667 0.03125 0.052083333333333336
0 0.52421875 0.45625 0.0796875 0.12916666666666668
0 0.565625 0.2947916666666667 0.028125 0.027083333333333334
0 0.328125 0.3229166666666667 0.03125 0.0375
0 0.26484375 0.31666666666666665 0.0296875 0.03333333333333333
0 0.825 0.3927083333333333 0.040625 0.04791666666666667
