0 0.3 0.296875 0.025 0.035416666666666666
0 0.35859375 0.315625 0.0296875 0.04375
0 0.42890625 0.3145833333333333 0.0328125 0.04583333333333333
0 0.56875 0.30625 0.03125 0.03333333333333333
0 0.7078125 0.3697916666666667 0.03125 0.03958333333333333
0 0.75234375 0.475 0.0484375 0.06666666666666667
0 0.5828125 0.41770833333333335 0.05625 0.07291666666666667
0 0.2703125 0.4552083333333333 0.040625 0.05625
0 0.30625 0.48854166666666665 0.040625 0.05625
0 0.3 0.296875 0.025 0.035416666666666666
0 0.35859375 0.315625 0.0296875 0.04375
0 0.42890625 0.3145833333333333 0.0328125 0.04583333333333333
0 0.56875 0.30625 0.03125 0.03333333333333333
0 0.7078125 0.3697916666666667 0.03125 0.03958333333333333
0 0.75234375 0.475 0.0484375 0.06666666666666667
0 0.5828125 0.41770833333333335 0.05625 0.07291666666666667
0 0.2703125 0.4552083333333333 0.040625 0.05625
0 0.30625 0.48854166666666665 0.040625 0.05625
