0 0.44609375 0.290625 0.0296875 0.035416666666666666
0 0.3390625 0.321875 0.028125 0.03125
0 0.2671875 0.32083333333333336 0.025 0.03333333333333333
0 0.5921875 0.30625 0.025 0.03333333333333333
0 0.35546875 0.44166666666666665 0.0453125 0.05416666666666667
0 0.7078125 0.39375 0.028125 0.03333333333333333
0 0.78359375 0.37395833333333334 0.0359375 0.04375
0 0.44609375 0.290625 0.0296875 0.035416666666666666
0 0.3390625 0.321875 0.028125 0.03125
0 0.2671875 0.32083333333333336 0.025 0.03333333333333333
0 0.5921875 0.30625 0.025 0.03333333333333333
0 0.35546875 0.44166666666666665 0.0453125 0.05416666666666667
0 0.7078125 0.39375 0.028125 0.03333333333333333
0 0.78359375 0.37395833333333334 0.0359375 0.04375
