0 0.76796875 0.40520833333333334 0.0484375 0.07708333333333334
0 0.46796875 0.36875 0.0640625 0.09166666666666666
0 0.27109375 0.25 0.0234375 0.03333333333333333
0 0.3359375 0.2760416666666667 0.021875 0.03125
0 0.36796875 0.2916666666666667 0.0296875 0.041666666666666664
0 0.31875 0.3229166666666667 0.03125 0.0375
0 0.259375 0.45416666666666666 0.0375 0.05
0 0.290625 0.49895833333333334 0.04375 0.052083333333333336
0 0.5 0.43645833333333334 0.06875 0.08125
0 0.72265625 0.38125 0.0359375 0.041666666666666664
0 0.76796875 0.5020833333333333 0.0671875 0.08333333333333333
0 0.76796875 0.40520833333333334 0.0484375 0.07708333333333334
0 0.46796875 0.36875 0.0640625 0.09166666666666666
0 0.27109375 0.25 0.0234375 0.03333333333333333
0 0.3359375 0.2760416666666667 0.021875 0.03125
0 0.36796875 0.2916666666666667 0.0296875 0.041666666666666664
0 0.31875 0.3229166666666667 0.03125 0.0375
0 0.259375 0.45416666666666666 0.0375 0.05
0 0.290625 0.49895833333333334 0.04375 0.052083333333333336
0 0.5 0.43645833333333334 0.06875 0.08125
0 0.72265625 0.38125 0.0359375 0.041666666666666664
0 0.76796875 0.5020833333333333 0.0671875 0.08333333333333333
