0 0.7640625 0.353125 0.04375 0.06875
0 0.72265625 0.3260416666666667 0.0390625 0.04791666666666667
0 0.6125 0.3125 0.040625 0.05
0 0.303125 0.3 0.0375 0.04583333333333333
0 0.2859375 0.37083333333333335 0.04375 0.05
0 0.25625 0.46145833333333336 0.046875 0.07291666666666667
0 0.284375 0.5041666666666667 0.046875 0.0625
0 0.7640625 0.353125 0.04375 0.06875
0 0.72265625 0.3260416666666667 0.0390625 0.04791666666666667
0 0.6125 0.3125 0.040625 0.05
0 0.303125 0.3 0.0375 0.04583333333333333
0 0.2859375 0.37083333333333335 0.04375 0.05
0 0.25625 0.46145833333333336 0.046875 0.07291666666666667
0 0.284375 0.5041666666666667 0.046875 0.0625
