0 0.7671875 0.38958333333333334 0.053125 0.07083333333333333
0 0.40625 0.35520833333333335 0.065625 0.11458333333333333
0 0.1828125 0.3104166666666667 0.034375 0.041666666666666664
0 0.28515625 0.2125 0.0296875 0.020833333333333332
0 0.28828125 0.5052083333333334 0.0453125 0.052083333333333336
0 0.2546875 0.4635416666666667 0.034375 0.052083333333333336
0 0.28828125 0.371875 0.0328125 0.04375
0 0.50703125 0.30520833333333336 0.0328125 0.03958333333333333
0 0.5546875 0.33125 0.025 0.041666666666666664
0 0.60859375 0.3375 0.0359375 0.04583333333333333
0 0.72421875 0.37395833333333334 0.0296875 0.03958333333333333
0 0.7671875 0.38958333333333334 0.053125 0.07083333333333333
0 0.40625 0.35520833333333335 0.065625 0.11458333333333333
0 0.1828125 0.3104166666666667 0.034375 0.041666666666666664
0 0.28515625 0.2125 0.0296875 0.020833333333333332
0 0.28828125 0.5052083333333334 0.0453125 0.052083333333333336
0 0.2546875 0.4635416666666667 0.034375 0.052083333333333336
0 0.28828125 0.371875 0.0328125 0.04375
0 0.50703125 0.30520833333333336 0.0328125 0.03958333333333333
0 0.5546875 0.33125 0.025 0.041666666666666664
0 0.60859375 0.3375 0.0359375 0.04583333333333333
0 0.72421875 0.37395833333333334 0.0296875 0.03958333333333333
