0 0.5453125 0.33541666666666664 0.05 0.07083333333333333
0 0.52578125 0.48020833333333335 0.0828125 0.11458333333333333
0 0.28515625 0.21979166666666666 0.0203125 0.03125
0 0.26640625 0.240625 0.0234375 0.027083333333333334
0 0.196875 0.303125 0.028125 0.03958333333333333
0 0.334375 0.29583333333333334 0.028125 0.03333333333333333
0 0.3125 0.2989583333333333 0.025 0.035416666666666666
0 0.29296875 0.37083333333333335 0.0328125 0.041666666666666664
0 0.25625 0.46875 0.0375 0.05416666666666667
0 0.31640625 0.49166666666666664 0.0390625 0.05
0 0.60703125 0.30104166666666665 0.0265625 0.03125
0 0.7453125 0.3385416666666667 0.0375 0.052083333333333336
0 0.5453125 0.33541666666666664 0.05 0.07083333333333333
0 0.52578125 0.48020833333333335 0.0828125 0.11458333333333333
0 0.28515625 0.21979166666666666 0.0203125 0.03125
0 0.26640625 0.240625 0.0234375 0.027083333333333334
0 0.196875 0.303125 0.028125 0.03958333333333333
0 0.334375 0.29583333333333334 0.028125 0.03333333333333333
0 0.3125 0.2989583333333333 0.025 0.035416666666666666
0 0.29296875 0.37083333333333335 0.0328125 0.041666666666666664
0 0.25625 0.46875 0.0375 0.05416666666666667
0 0.31640625 0.49166666666666664 0.0390625 0.05
0 0.60703125 0.30104166666666665 0.0265625 0.03125
0 0.7453125 0.3385416666666667 0.0375 0.052083333333333336
