0 0.46171875 0.29791666666666666 0.0328125 0.0375
0 0.3875 0.3229166666666667 0.0375 0.05
0 0.24765625 0.34375 0.0296875 0.0375
0 0.3 0.371875 0.03125 0.04375
0 0.32109375 0.49166666666666664 0.0390625 0.05416666666666667
0 0.5484375 0.45208333333333334 0.053125 0.07916666666666666
0 0.76875 0.45208333333333334 0.046875 0.0625
0 0.8015625 0.384375 0.0375 0.05625
0 0.46171875 0.29791666666666666 0.0328125 0.0375
0 0.3875 0.3229166666666667 0.0375 0.05
0 0.24765625 0.34375 0.0296875 0.0375
0 0.3 0.371875 0.03125 0.04375
0 0.32109375 0.49166666666666664 0.0390625 0.05416666666666667
0 0.5484375 0.45208333333333334 0.053125 0.07916666666666666
0 0.76875 0.45208333333333334 0.046875 0.0625
0 0.8015625 0.384375 0.0375 0.05625
