0 0.1453125 0.2677083333333333 0.025 0.04375
0 0.21484375 0.30520833333333336 0.0328125 0.04375
0 0.15703125 0.38125 0.0609375 0.1
0 0.434375 0.36354166666666665 0.05625 0.10208333333333333
0 0.54609375 0.28854166666666664 0.0453125 0.07291666666666667
0 0.4078125 0.28854166666666664 0.028125 0.035416666666666666
0 0.28515625 0.3020833333333333 0.0234375 0.03333333333333333
0 0.5484375 0.4166666666666667 0.053125 0.075
0 0.44140625 0.409375 0.0421875 0.06458333333333334
0 0.7671875 0.440625 0.040625 0.06458333333333334
0 0.86796875 0.47291666666666665 0.0484375 0.06666666666666667
0 0.2984375 0.37395833333333334 0.034375 0.04791666666666667
0 0.271875 0.5052083333333334 0.05 0.06458333333333334
0 0.1453125 0.2677083333333333 0.025 0.04375
0 0.21484375 0.30520833333333336 0.0328125 0.04375
0 0.15703125 0.38125 0.0609375 0.1
0 0.434375 0.36354166666666665 0.05625 0.10208333333333333
0 0.54609375 0.28854166666666664 0.0453125 0.07291666666666667
0 0.4078125 0.28854166666666664 0.028125 0.035416666666666666
0 0.28515625 0.3020833333333333 0.0234375 0.03333333333333333
0 0.5484375 0.4166666666666667 0.053125 0.075
0 0.44140625 0.409375 0.0421875 0.06458333333333334
0 0.7671875 0.440625 0.040625 0.06458333333333334
0 0.86796875 0.47291666666666665 0.0484375 0.06666666666666667
0 0.2984375 0.37395833333333334 0.034375 0.04791666666666667
0 0.271875 0.5052083333333334 0.05 0.06458333333333334
