0 0.1859375 0.30625 0.025 0.025
0 0.328125 0.3625 0.06875 0.1
0 0.50703125 0.36354166666666665 0.0578125 0.09791666666666667
0 0.41171875 0.5291666666666667 0.0765625 0.11666666666666667
0 0.30625 0.3 0.03125 0.041666666666666664
0 0.328125 0.30520833333333336 0.021875 0.035416666666666666
0 0.3 0.32708333333333334 0.028125 0.041666666666666664
0 0.2546875 0.4625 0.040625 0.05416666666666667
0 0.28359375 0.4979166666666667 0.0421875 0.05416666666666667
0 0.3796875 0.4895833333333333 0.0625 0.0875
0 0.4125 0.3145833333333333 0.03125 0.04583333333333333
0 0.55234375 0.37395833333333334 0.0453125 0.06041666666666667
0 0.61015625 0.31979166666666664 0.0359375 0.04375
0 0.7609375 0.534375 0.059375 0.08125
0 0.571875 0.42083333333333334 0.05 0.0625
0 0.5078125 0.49375 0.065625 0.0875
0 0.1859375 0.30625 0.025 0.025
0 0.328125 0.3625 0.06875 0.1
0 0.50703125 0.36354166666666665 0.0578125 0.09791666666666667
0 0.41171875 0.5291666666666667 0.0765625 0.11666666666666667
0 0.30625 0.3 0.03125 0.041666666666666664
0 0.328125 0.30520833333333336 0.021875 0.035416666666666666
0 0.3 0.32708333333333334 0.028125 0.041666666666666664
0 0.2546875 0.4625 0.040625 0.05416666666666667
0 0.28359375 0.4979166666666667 0.0421875 0.05416666666666667
0 0.3796875 0.4895833333333333 0.0625 0.0875
0 0.4125 0.3145833333333333 0.03125 0.04583333333333333
0 0.55234375 0.37395833333333334 0.0453125 0.06041666666666667
0 0.61015625 0.31979166666666664 0.0359375 0.04375
0 0.7609375 0.534375 0.059375 0.08125
0 0.571875 0.42083333333333334 0.05 0.0625
0 0.5078125 0.49375 0.065625 0.0875
