0 0.78515625 0.46145833333333336 0.0515625 0.07708333333333334
0 0.56484375 0.4114583333333333 0.0546875 0.06041666666666667
0 0.26015625 0.46041666666666664 0.0421875 0.05416666666666667
0 0.2828125 0.4875 0.04375 0.058333333333333334
0 0.43515625 0.315625 0.0296875 0.04375
0 0.39140625 0.28020833333333334 0.0234375 0.035416666666666666
0 0.28203125 0.30520833333333336 0.0234375 0.035416666666666666
0 0.3109375 0.3229166666666667 0.03125 0.0375
0 0.78515625 0.46145833333333336 0.0515625 0.07708333333333334
0 0.56484375 0.4114583333333333 0.0546875 0.06041666666666667
0 0.26015625 0.46041666666666664 0.0421875 0.05416666666666667
0 0.2828125 0.4875 0.04375 0.058333333333333334
0 0.43515625 0.315625 0.0296875 0.04375
0 0.39140625 0.28020833333333334 0.0234375 0.035416666666666666
0 0.28203125 0.30520833333333336 0.0234375 0.035416666666666666
0 0.3109375 0.3229166666666667 0.03125 0.0375
