0 0.596875 0.3614583333333333 0.040625 0.06458333333333334
0 0.5546875 0.4114583333333333 0.059375 0.08541666666666667
0 0.2140625 0.3927083333333333 0.0625 0.08958333333333333
0 0.1921875 0.3 0.028125 0.041666666666666664
0 0.60546875 0.24166666666666667 0.0359375 0.05416666666666667
0 0.596875 0.3614583333333333 0.040625 0.06458333333333334
0 0.5546875 0.4114583333333333 0.059375 0.08541666666666667
0 0.2140625 0.3927083333333333 0.0625 0.08958333333333333
0 0.1921875 0.3 0.028125 0.041666666666666664
0 0.60546875 0.24166666666666667 0.0359375 0.05416666666666667
