0 0.28125 0.21979166666666666 0.021875 0.035416666666666666
0 0.4296875 0.225 0.025 0.03333333333333333
0 0.46171875 0.31145833333333334 0.0328125 0.04791666666666667
0 0.490625 0.21354166666666666 0.025 0.03125
0 0.64375 0.24479166666666666 0.034375 0.04791666666666667
0 0.58203125 0.28854166666666664 0.0421875 0.06458333333333334
0 0.5625 0.3614583333333333 0.05 0.06875
0 0.75 0.3802083333333333 0.053125 0.07291666666666667
0 0.28125 0.21979166666666666 0.021875 0.035416666666666666
0 0.4296875 0.225 0.025 0.03333333333333333
0 0.46171875 0.31145833333333334 0.0328125 0.04791666666666667
0 0.490625 0.21354166666666666 0.025 0.03125
0 0.64375 0.24479166666666666 0.034375 0.04791666666666667
0 0.58203125 0.28854166666666664 0.0421875 0.06458333333333334
0 0.5625 0.3614583333333333 0.05 0.06875
0 0.75 0.3802083333333333 0.053125 0.07291666666666667
