0 0.37265625 0.28541666666666665 0.0203125 0.029166666666666667
0 0.42578125 0.3145833333333333 0.0296875 0.041666666666666664
0 0.2796875 0.384375 0.03125 0.035416666666666666
0 0.25859375 0.46458333333333335 0.0359375 0.058333333333333334
0 0.2875 0.4979166666666667 0.0375 0.058333333333333334
0 0.51484375 0.46145833333333336 0.0515625 0.07291666666666667
0 0.6125 0.31354166666666666 0.021875 0.03958333333333333
0 0.57578125 0.35520833333333335 0.0421875 0.052083333333333336
0 0.56640625 0.42083333333333334 0.0484375 0.06666666666666667
0 0.821875 0.39791666666666664 0.034375 0.05416666666666667
0 0.9875 0.5 0.021875 0.07083333333333333
0 0.37265625 0.28541666666666665 0.0203125 0.029166666666666667
0 0.42578125 0.3145833333333333 0.0296875 0.041666666666666664
0 0.2796875 0.384375 0.03125 0.035416666666666666
0 0.25859375 0.46458333333333335 0.0359375 0.058333333333333334
0 0.2875 0.4979166666666667 0.0375 0.058333333333333334
0 0.51484375 0.46145833333333336 0.0515625 0.07291666666666667
0 0.6125 0.31354166666666666 0.021875 0.03958333333333333
0 0.57578125 0.35520833333333335 0.0421875 0.052083333333333336
0 0.56640625 0.42083333333333334 0.0484375 0.06666666666666667
0 0.821875 0.39791666666666664 0.034375 0.05416666666666667
0 0.9875 0.5 0.021875 0.07083333333333333
