0 0.13046875 0.2791666666666667 0.0296875 0.041666666666666664
0 0.1875 0.315625 0.028125 0.035416666666666666
0 0.3890625 0.25729166666666664 0.028125 0.04375
0 0.421875 0.32083333333333336 0.028125 0.04583333333333333
0 0.75 0.3927083333333333 0.05 0.08125
0 0.13046875 0.2791666666666667 0.0296875 0.041666666666666664
0 0.1875 0.315625 0.028125 0.035416666666666666
0 0.3890625 0.25729166666666664 0.028125 0.04375
0 0.421875 0.32083333333333336 0.028125 0.04583333333333333
0 0.75 0.3927083333333333 0.05 0.08125
