0 0.225 0.29270833333333335 0.053125 0.06875
0 0.43125 0.39166666666666666 0.046875 0.09166666666666666
0 0.4296875 0.23125 0.021875 0.03333333333333333
0 0.39140625 0.3458333333333333 0.0421875 0.07916666666666666
0 0.484375 0.21354166666666666 0.021875 0.022916666666666665
0 0.51171875 0.21770833333333334 0.0234375 0.03125
0 0.625 0.25625 0.034375 0.05
0 0.59140625 0.35208333333333336 0.0421875 0.075
0 0.74375 0.38958333333333334 0.046875 0.07916666666666666
0 0.225 0.29270833333333335 0.053125 0.06875
0 0.43125 0.39166666666666666 0.046875 0.09166666666666666
0 0.4296875 0.23125 0.021875 0.03333333333333333
0 0.39140625 0.3458333333333333 0.0421875 0.07916666666666666
0 0.484375 0.21354166666666666 0.021875 0.022916666666666665
0 0.51171875 0.21770833333333334 0.0234375 0.03125
0 0.625 0.25625 0.034375 0.05
0 0.59140625 0.35208333333333336 0.0421875 0.075
0 0.74375 0.38958333333333334 0.046875 0.07916666666666666
