0 0.42421875 0.21041666666666667 0.0296875 0.020833333333333332
0 0.39921875 0.43125 0.0703125 0.13333333333333333
0 0.515625 0.36770833333333336 0.05625 0.08541666666666667
0 0.4625 0.3302083333333333 0.0375 0.03958333333333333
0 0.1859375 0.3072916666666667 0.021875 0.027083333333333334
0 0.42421875 0.21041666666666667 0.0296875 0.020833333333333332
0 0.39921875 0.43125 0.0703125 0.13333333333333333
0 0.515625 0.36770833333333336 0.05625 0.08541666666666667
0 0.4625 0.3302083333333333 0.0375 0.03958333333333333
0 0.1859375 0.3072916666666667 0.021875 0.027083333333333334
