0 0.7265625 0.3885416666666667 0.053125 0.08541666666666667
0 0.4125 0.39791666666666664 0.06875 0.09583333333333334
0 0.19765625 0.46875 0.0515625 0.0625
0 0.396875 0.2552083333333333 0.01875 0.035416666666666666
0 0.4265625 0.21458333333333332 0.021875 0.025
0 0.7265625 0.3885416666666667 0.053125 0.08541666666666667
0 0.4125 0.39791666666666664 0.06875 0.09583333333333334
0 0.19765625 0.46875 0.0515625 0.0625
0 0.396875 0.2552083333333333 0.01875 0.035416666666666666
0 0.4265625 0.21458333333333332 0.021875 0.025
