0 0.48984375 0.5479166666666667 0.0828125 0.12083333333333333
0 0.771875 0.396875 0.059375 0.08125
0 0.56875 0.32395833333333335 0.05625 0.09791666666666667
0 0.4375 0.40625 0.075 0.10833333333333334
0 0.40234375 0.29583333333333334 0.0453125 0.06666666666666667
0 0.20390625 0.3 0.0359375 0.058333333333333334
0 0.48984375 0.5479166666666667 0.0828125 0.12083333333333333
0 0.771875 0.396875 0.059375 0.08125
0 0.56875 0.32395833333333335 0.05625 0.09791666666666667
0 0.4375 0.40625 0.075 0.10833333333333334
0 0.40234375 0.29583333333333334 0.0453125 0.06666666666666667
0 0.20390625 0.3 0.0359375 0.058333333333333334
