0 0.75625 0.3854166666666667 0.05625 0.075
0 0.52734375 0.38645833333333335 0.0484375 0.09375
0 0.49140625 0.43333333333333335 0.0671875 0.10833333333333334
0 0.3953125 0.2552083333333333 0.028125 0.04375
0 0.28828125 0.22395833333333334 0.0265625 0.03958333333333333
0 0.4140625 0.21458333333333332 0.03125 0.025
0 0.75625 0.3854166666666667 0.05625 0.075
0 0.52734375 0.38645833333333335 0.0484375 0.09375
0 0.49140625 0.43333333333333335 0.0671875 0.10833333333333334
0 0.3953125 0.2552083333333333 0.028125 0.04375
0 0.28828125 0.22395833333333334 0.0265625 0.03958333333333333
0 0.4140625 0.21458333333333332 0.03125 0.025
