0 0.3921875 0.25416666666666665 0.021875 0.0375
0 0.45078125 0.3072916666666667 0.0390625 0.06875
0 0.803125 0.2833333333333333 0.028125 0.05
0 0.2765625 0.384375 0.034375 0.052083333333333336
0 0.49609375 0.4739583333333333 0.0640625 0.09791666666666667
0 0.3921875 0.25416666666666665 0.021875 0.0375
0 0.45078125 0.3072916666666667 0.0390625 0.06875
0 0.803125 0.2833333333333333 0.028125 0.05
0 0.2765625 0.384375 0.034375 0.052083333333333336
0 0.49609375 0.4739583333333333 0.0640625 0.09791666666666667
