0 0.528125 0.4083333333333333 0.0625 0.09583333333333334
0 0.74375 0.3875 0.059375 0.075
0 0.79453125 0.3072916666666667 0.0296875 0.052083333333333336
0 0.165625 0.3958333333333333 0.0375 0.0625
0 0.15 0.23125 0.025 0.0375
0 0.175 0.2833333333333333 0.021875 0.0375
0 0.528125 0.4083333333333333 0.0625 0.09583333333333334
0 0.74375 0.3875 0.059375 0.075
0 0.79453125 0.3072916666666667 0.0296875 0.052083333333333336
0 0.165625 0.3958333333333333 0.0375 0.0625
0 0.15 0.23125 0.025 0.0375
0 0.175 0.2833333333333333 0.021875 0.0375
