0 0.4734375 0.2791666666666667 0.0375 0.0625
0 0.16640625 0.40208333333333335 0.0359375 0.05416666666666667
0 0.75625 0.24583333333333332 0.028125 0.041666666666666664
0 0.690625 0.228125 0.025 0.03958333333333333
0 0.63671875 0.21979166666666666 0.0328125 0.035416666666666666
0 0.5421875 0.40625 0.05625 0.0875
0 0.76640625 0.44583333333333336 0.0640625 0.08333333333333333
0 0.4734375 0.2791666666666667 0.0375 0.0625
0 0.16640625 0.40208333333333335 0.0359375 0.05416666666666667
0 0.75625 0.24583333333333332 0.028125 0.041666666666666664
0 0.690625 0.228125 0.025 0.03958333333333333
0 0.63671875 0.21979166666666666 0.0328125 0.035416666666666666
0 0.5421875 0.40625 0.05625 0.0875
0 0.76640625 0.44583333333333336 0.0640625 0.08333333333333333
