0 0.534375 0.353125 0.065625 0.08958333333333333
0 0.5890625 0.33541666666666664 0.040625 0.06666666666666667
0 0.16484375 0.39166666666666666 0.0421875 0.058333333333333334
0 0.76484375 0.265625 0.0296875 0.04791666666666667
0 0.69921875 0.23125 0.0203125 0.0375
0 0.61171875 0.21770833333333334 0.0328125 0.03125
0 0.82421875 0.37395833333333334 0.0390625 0.06458333333333334
0 0.534375 0.353125 0.065625 0.08958333333333333
0 0.5890625 0.33541666666666664 0.040625 0.06666666666666667
0 0.16484375 0.39166666666666666 0.0421875 0.058333333333333334
0 0.76484375 0.265625 0.0296875 0.04791666666666667
0 0.69921875 0.23125 0.0203125 0.0375
0 0.61171875 0.21770833333333334 0.0328125 0.03125
0 0.82421875 0.37395833333333334 0.0390625 0.06458333333333334
