0 0.16953125 0.3958333333333333 0.0390625 0.05
0 0.49453125 0.22083333333333333 0.0359375 0.0375
0 0.51796875 0.38333333333333336 0.0515625 0.075
0 0.6328125 0.25625 0.028125 0.041666666666666664
0 0.78359375 0.42083333333333334 0.0578125 0.06666666666666667
0 0.5125 0.21770833333333334 0.025 0.03125
0 0.66171875 0.221875 0.0359375 0.035416666666666666
0 0.16953125 0.3958333333333333 0.0390625 0.05
0 0.49453125 0.22083333333333333 0.0359375 0.0375
0 0.51796875 0.38333333333333336 0.0515625 0.075
0 0.6328125 0.25625 0.028125 0.041666666666666664
0 0.78359375 0.42083333333333334 0.0578125 0.06666666666666667
0 0.5125 0.21770833333333334 0.025 0.03125
0 0.66171875 0.221875 0.0359375 0.035416666666666666
