0 0.175 0.39895833333333336 0.0375 0.052083333333333336
0 0.2078125 0.45416666666666666 0.065625 0.11666666666666667
0 0.278125 0.43854166666666666 0.0625 0.08958333333333333
0 0.44765625 0.5625 0.0703125 0.12083333333333333
0 0.528125 0.359375 0.05 0.07291666666666667
0 0.60234375 0.21979166666666666 0.0265625 0.035416666666666666
0 0.70625 0.225 0.025 0.029166666666666667
0 0.76015625 0.30520833333333336 0.0328125 0.052083333333333336
0 0.175 0.39895833333333336 0.0375 0.052083333333333336
0 0.2078125 0.45416666666666666 0.065625 0.11666666666666667
0 0.278125 0.43854166666666666 0.0625 0.08958333333333333
0 0.44765625 0.5625 0.0703125 0.12083333333333333
0 0.528125 0.359375 0.05 0.07291666666666667
0 0.60234375 0.21979166666666666 0.0265625 0.035416666666666666
0 0.70625 0.225 0.025 0.029166666666666667
0 0.76015625 0.30520833333333336 0.0328125 0.052083333333333336
