0 0.690625 0.23020833333333332 0.025 0.035416666666666666
0 0.7625 0.43645833333333334 0.075 0.08958333333333333
0 0.59140625 0.221875 0.0296875 0.03958333333333333
0 0.51328125 0.37083333333333335 0.0671875 0.075
0 0.43984375 0.24270833333333333 0.0234375 0.03958333333333333
0 0.39140625 0.275 0.0296875 0.0375
0 0.1703125 0.39479166666666665 0.040625 0.05625
0 0.690625 0.23020833333333332 0.025 0.035416666666666666
0 0.7625 0.43645833333333334 0.075 0.08958333333333333
0 0.59140625 0.221875 0.0296875 0.03958333333333333
0 0.51328125 0.37083333333333335 0.0671875 0.075
0 0.43984375 0.24270833333333333 0.0234375 0.03958333333333333
0 0.39140625 0.275 0.0296875 0.0375
0 0.1703125 0.39479166666666665 0.040625 0.05625
