0 0.16953125 0.39791666666666664 0.0359375 0.058333333333333334
0 0.51328125 0.215625 0.0265625 0.027083333333333334
0 0.57265625 0.24479166666666666 0.0328125 0.052083333333333336
0 0.5234375 0.3489583333333333 0.05625 0.08541666666666667
0 0.74609375 0.4510416666666667 0.0703125 0.10208333333333333
0 0.16953125 0.39791666666666664 0.0359375 0.058333333333333334
0 0.51328125 0.215625 0.0265625 0.027083333333333334
0 0.57265625 0.24479166666666666 0.0328125 0.052083333333333336
0 0.5234375 0.3489583333333333 0.05625 0.08541666666666667
0 0.74609375 0.4510416666666667 0.0703125 0.10208333333333333
