0 0.43359375 0.25416666666666665 0.0296875 0.05
0 0.33671875 0.2552083333333333 0.0328125 0.04791666666666667
0 0.1671875 0.39895833333333336 0.0375 0.06458333333333334
0 0.62734375 0.22916666666666666 0.0296875 0.05
0 0.69765625 0.22708333333333333 0.0234375 0.0375
0 0.78984375 0.2520833333333333 0.0328125 0.04583333333333333
0 0.64765625 0.253125 0.0296875 0.052083333333333336
0 0.43359375 0.25416666666666665 0.0296875 0.05
0 0.33671875 0.2552083333333333 0.0328125 0.04791666666666667
0 0.1671875 0.39895833333333336 0.0375 0.06458333333333334
0 0.62734375 0.22916666666666666 0.0296875 0.05
0 0.69765625 0.22708333333333333 0.0234375 0.0375
0 0.78984375 0.2520833333333333 0.0328125 0.04583333333333333
0 0.64765625 0.253125 0.0296875 0.052083333333333336
