0 0.69453125 0.22604166666666667 0.0265625 0.035416666666666666
0 0.74921875 0.25625 0.0265625 0.0375
0 0.6171875 0.21354166666666666 0.021875 0.022916666666666665
0 0.60703125 0.24895833333333334 0.0265625 0.04375
0 0.58046875 0.21354166666666666 0.0234375 0.027083333333333334
0 0.465625 0.22708333333333333 0.03125 0.04583333333333333
0 0.97578125 0.54375 0.0515625 0.1
0 0.69453125 0.22604166666666667 0.0265625 0.035416666666666666
0 0.74921875 0.25625 0.0265625 0.0375
0 0.6171875 0.21354166666666666 0.021875 0.022916666666666665
0 0.60703125 0.24895833333333334 0.0265625 0.04375
0 0.58046875 0.21354166666666666 0.0234375 0.027083333333333334
0 0.465625 0.22708333333333333 0.03125 0.04583333333333333
0 0.97578125 0.54375 0.0515625 0.1
