0 0.44296875 0.24270833333333333 0.0234375 0.04791666666666667
0 0.38984375 0.26666666666666666 0.0265625 0.04583333333333333
0 0.58671875 0.21458333333333332 0.0234375 0.025
0 0.66953125 0.22604166666666667 0.0234375 0.04375
0 0.621875 0.25104166666666666 0.03125 0.04791666666666667
0 0.44296875 0.24270833333333333 0.0234375 0.04791666666666667
0 0.38984375 0.26666666666666666 0.0265625 0.04583333333333333
0 0.58671875 0.21458333333333332 0.0234375 0.025
0 0.66953125 0.22604166666666667 0.0234375 0.04375
0 0.621875 0.25104166666666666 0.03125 0.04791666666666667
