0 0.3765625 0.2604166666666667 0.028125 0.05
0 0.44375 0.24479166666666666 0.025 0.04791666666666667
0 0.6765625 0.234375 0.028125 0.035416666666666666
0 0.6 0.21666666666666667 0.028125 0.029166666666666667
0 0.6328125 0.265625 0.0375 0.04791666666666667
0 0.55625 0.32708333333333334 0.05625 0.0875
0 0.909375 0.440625 0.05 0.09375
0 0.3765625 0.2604166666666667 0.028125 0.05
0 0.44375 0.24479166666666666 0.025 0.04791666666666667
0 0.6765625 0.234375 0.028125 0.035416666666666666
0 0.6 0.21666666666666667 0.028125 0.029166666666666667
0 0.6328125 0.265625 0.0375 0.04791666666666667
0 0.55625 0.32708333333333334 0.05625 0.0875
0 0.909375 0.440625 0.05 0.09375
