0 0.8234375 0.2864583333333333 0.034375 0.04791666666666667
0 0.74453125 0.26666666666666666 0.0296875 0.0375
0 0.6984375 0.24895833333333334 0.028125 0.03958333333333333
0 0.5671875 0.26666666666666666 0.034375 0.05416666666666667
0 0.36875 0.2520833333333333 0.028125 0.041666666666666664
0 0.2796875 0.22083333333333333 0.021875 0.03333333333333333
0 0.2625 0.23020833333333332 0.01875 0.027083333333333334
0 0.8234375 0.2864583333333333 0.034375 0.04791666666666667
0 0.74453125 0.26666666666666666 0.0296875 0.0375
0 0.6984375 0.24895833333333334 0.028125 0.03958333333333333
0 0.5671875 0.26666666666666666 0.034375 0.05416666666666667
0 0.36875 0.2520833333333333 0.028125 0.041666666666666664
0 0.2796875 0.22083333333333333 0.021875 0.03333333333333333
0 0.2625 0.23020833333333332 0.01875 0.027083333333333334
