0 0.1703125 0.4041666666666667 0.040625 0.058333333333333334
0 0.3953125 0.4083333333333333 0.0875 0.1125
0 0.5375 0.38958333333333334 0.059375 0.09583333333333334
0 0.6203125 0.24895833333333334 0.03125 0.052083333333333336
0 0.67578125 0.22916666666666666 0.0296875 0.041666666666666664
0 0.4578125 0.21875 0.025 0.03333333333333333
0 0.7796875 0.3375 0.04375 0.06666666666666667
0 0.7625 0.446875 0.05 0.08958333333333333
0 0.0296875 0.546875 0.059375 0.09791666666666667
0 0.1703125 0.4041666666666667 0.040625 0.058333333333333334
0 0.3953125 0.4083333333333333 0.0875 0.1125
0 0.5375 0.38958333333333334 0.059375 0.09583333333333334
0 0.6203125 0.24895833333333334 0.03125 0.052083333333333336
0 0.67578125 0.22916666666666666 0.0296875 0.041666666666666664
0 0.4578125 0.21875 0.025 0.03333333333333333
0 0.7796875 0.3375 0.04375 0.06666666666666667
0 0.7625 0.446875 0.05 0.08958333333333333
0 0.0296875 0.546875 0.059375 0.09791666666666667
