0 0.715625 0.23020833333333332 0.025 0.03125
0 0.8015625 0.33541666666666664 0.03125 0.05416666666666667
0 0.60859375 0.22291666666666668 0.0328125 0.041666666666666664
0 0.5796875 0.21458333333333332 0.03125 0.029166666666666667
0 0.5734375 0.25104166666666666 0.034375 0.04375
0 0.53984375 0.38333333333333336 0.0671875 0.10833333333333334
0 0.7703125 0.43645833333333334 0.059375 0.10208333333333333
0 0.43671875 0.25104166666666666 0.0265625 0.03958333333333333
0 0.375 0.2635416666666667 0.028125 0.03958333333333333
0 0.16796875 0.396875 0.0328125 0.04791666666666667
0 0.715625 0.23020833333333332 0.025 0.03125
0 0.8015625 0.33541666666666664 0.03125 0.05416666666666667
0 0.60859375 0.22291666666666668 0.0328125 0.041666666666666664
0 0.5796875 0.21458333333333332 0.03125 0.029166666666666667
0 0.5734375 0.25104166666666666 0.034375 0.04375
0 0.53984375 0.38333333333333336 0.0671875 0.10833333333333334
0 0.7703125 0.43645833333333334 0.059375 0.10208333333333333
0 0.43671875 0.25104166666666666 0.0265625 0.03958333333333333
0 0.375 0.2635416666666667 0.028125 0.03958333333333333
0 0.16796875 0.396875 0.0328125 0.04791666666666667
