0 0.31953125 0.2760416666666667 0.0390625 0.07291666666666667
0 0.47890625 0.22916666666666666 0.0359375 0.05416666666666667
0 0.54765625 0.371875 0.0515625 0.07708333333333334
0 0.6109375 0.24895833333333334 0.03125 0.04791666666666667
0 0.6984375 0.24895833333333334 0.025 0.035416666666666666
0 0.74609375 0.2625 0.0328125 0.0375
0 0.31953125 0.2760416666666667 0.0390625 0.07291666666666667
0 0.47890625 0.22916666666666666 0.0359375 0.05416666666666667
0 0.54765625 0.371875 0.0515625 0.07708333333333334
0 0.6109375 0.24895833333333334 0.03125 0.04791666666666667
0 0.6984375 0.24895833333333334 0.025 0.035416666666666666
0 0.74609375 0.2625 0.0328125 0.0375
