0 0.26328125 0.23541666666666666 0.0234375 0.0375
0 0.38984375 0.26979166666666665 0.0296875 0.04791666666666667
0 0.44609375 0.25 0.0265625 0.04583333333333333
0 0.69765625 0.25104166666666666 0.0328125 0.052083333333333336
0 0.6203125 0.25416666666666665 0.03125 0.04583333333333333
0 0.628125 0.22291666666666668 0.0375 0.041666666666666664
0 0.603125 0.24479166666666666 0.040625 0.06041666666666667
0 0.26328125 0.23541666666666666 0.0234375 0.0375
0 0.38984375 0.26979166666666665 0.0296875 0.04791666666666667
0 0.44609375 0.25 0.0265625 0.04583333333333333
0 0.69765625 0.25104166666666666 0.0328125 0.052083333333333336
0 0.6203125 0.25416666666666665 0.03125 0.04583333333333333
0 0.628125 0.22291666666666668 0.0375 0.041666666666666664
0 0.603125 0.24479166666666666 0.040625 0.06041666666666667
