0 0.440625 0.25833333333333336 0.028125 0.041666666666666664
0 0.36953125 0.2625 0.0265625 0.041666666666666664
0 0.703125 0.23020833333333332 0.028125 0.03958333333333333
0 0.6328125 0.2552083333333333 0.03125 0.04791666666666667
0 0.2390625 0.3885416666666667 0.0375 0.05625
0 0.440625 0.25833333333333336 0.028125 0.041666666666666664
0 0.36953125 0.2625 0.0265625 0.041666666666666664
0 0.703125 0.23020833333333332 0.028125 0.03958333333333333
0 0.6328125 0.2552083333333333 0.03125 0.04791666666666667
0 0.2390625 0.3885416666666667 0.0375 0.05625
