0 0.43828125 0.290625 0.0328125 0.04375
0 0.328125 0.353125 0.034375 0.06041666666666667
0 0.096875 0.440625 0.08125 0.13125
0 0.26875 0.5291666666666667 0.0625 0.09166666666666666
0 0.59609375 0.259375 0.0296875 0.04375
0 0.53671875 0.365625 0.0640625 0.10208333333333333
0 0.43828125 0.290625 0.0328125 0.04375
0 0.328125 0.353125 0.034375 0.06041666666666667
0 0.096875 0.440625 0.08125 0.13125
0 0.26875 0.5291666666666667 0.0625 0.09166666666666666
0 0.59609375 0.259375 0.0296875 0.04375
0 0.53671875 0.365625 0.0640625 0.10208333333333333
