0 0.5578125 0.225 0.040625 0.041666666666666664
0 0.43828125 0.28958333333333336 0.0265625 0.05
0 0.25234375 0.2635416666666667 0.0328125 0.04375
0 0.1875 0.303125 0.034375 0.04791666666666667
0 0.271875 0.4875 0.0625 0.07083333333333333
0 0.71875 0.23125 0.03125 0.041666666666666664
0 0.5578125 0.225 0.040625 0.041666666666666664
0 0.43828125 0.28958333333333336 0.0265625 0.05
0 0.25234375 0.2635416666666667 0.0328125 0.04375
0 0.1875 0.303125 0.034375 0.04791666666666667
0 0.271875 0.4875 0.0625 0.07083333333333333
0 0.71875 0.23125 0.03125 0.041666666666666664
