0 0.2484375 0.26979166666666665 0.034375 0.052083333333333336
0 0.2 0.3020833333333333 0.0375 0.05416666666666667
0 0.1421875 0.4552083333333333 0.040625 0.06041666666666667
0 0.2765625 0.4708333333333333 0.05 0.08333333333333333
0 0.675 0.25 0.028125 0.041666666666666664
0 0.7859375 0.3385416666666667 0.034375 0.06458333333333334
0 0.2484375 0.26979166666666665 0.034375 0.052083333333333336
0 0.2 0.3020833333333333 0.0375 0.05416666666666667
0 0.1421875 0.4552083333333333 0.040625 0.06041666666666667
0 0.2765625 0.4708333333333333 0.05 0.08333333333333333
0 0.675 0.25 0.028125 0.041666666666666664
0 0.7859375 0.3385416666666667 0.034375 0.06458333333333334
