0 0.23515625 0.26458333333333334 0.0296875 0.05
0 0.1890625 0.2989583333333333 0.034375 0.052083333333333336
0 0.31328125 0.34375 0.0359375 0.06666666666666667
0 0.63828125 0.21770833333333334 0.0234375 0.03125
0 0.77265625 0.4427083333333333 0.0671875 0.09375
0 0.5890625 0.30625 0.04375 0.06666666666666667
0 0.29296875 0.5125 0.0484375 0.07083333333333333
0 0.23515625 0.26458333333333334 0.0296875 0.05
0 0.1890625 0.2989583333333333 0.034375 0.052083333333333336
0 0.31328125 0.34375 0.0359375 0.06666666666666667
0 0.63828125 0.21770833333333334 0.0234375 0.03125
0 0.77265625 0.4427083333333333 0.0671875 0.09375
0 0.5890625 0.30625 0.04375 0.06666666666666667
0 0.29296875 0.5125 0.0484375 0.07083333333333333
