0 0.19765625 0.2989583333333333 0.0359375 0.04791666666666667
0 0.25234375 0.271875 0.0328125 0.04375
0 0.41875 0.29375 0.0375 0.05416666666666667
0 0.34453125 0.375 0.0453125 0.058333333333333334
0 0.6015625 0.25729166666666664 0.034375 0.03958333333333333
0 0.31640625 0.3416666666666667 0.0296875 0.041666666666666664
0 0.19765625 0.2989583333333333 0.0359375 0.04791666666666667
0 0.25234375 0.271875 0.0328125 0.04375
0 0.41875 0.29375 0.0375 0.05416666666666667
0 0.34453125 0.375 0.0453125 0.058333333333333334
0 0.6015625 0.25729166666666664 0.034375 0.03958333333333333
0 0.31640625 0.3416666666666667 0.0296875 0.041666666666666664
