0 0.23828125 0.2635416666666667 0.0328125 0.04375
0 0.1984375 0.29791666666666666 0.034375 0.04583333333333333
0 0.14375 0.4625 0.040625 0.06666666666666667
0 0.29453125 0.49583333333333335 0.0484375 0.07083333333333333
0 0.56171875 0.29583333333333334 0.0390625 0.058333333333333334
0 0.671875 0.24479166666666666 0.025 0.03958333333333333
0 0.74140625 0.221875 0.0265625 0.03958333333333333
0 0.71640625 0.33125 0.0421875 0.05
0 0.23828125 0.2635416666666667 0.0328125 0.04375
0 0.1984375 0.29791666666666666 0.034375 0.04583333333333333
0 0.14375 0.4625 0.040625 0.06666666666666667
0 0.29453125 0.49583333333333335 0.0484375 0.07083333333333333
0 0.56171875 0.29583333333333334 0.0390625 0.058333333333333334
0 0.671875 0.24479166666666666 0.025 0.03958333333333333
0 0.74140625 0.221875 0.0265625 0.03958333333333333
0 0.71640625 0.33125 0.0421875 0.05
