0 0.37265625 0.3229166666666667 0.0328125 0.05416666666666667
0 0.5484375 0.4666666666666667 0.059375 0.1
0 0.61484375 0.25729166666666664 0.0390625 0.06041666666666667
0 0.6390625 0.22604166666666667 0.03125 0.035416666666666666
0 0.9046875 0.4635416666666667 0.05 0.08958333333333333
0 0.15703125 0.284375 0.0265625 0.03125
0 0.37265625 0.3229166666666667 0.0328125 0.05416666666666667
0 0.5484375 0.4666666666666667 0.059375 0.1
0 0.61484375 0.25729166666666664 0.0390625 0.06041666666666667
0 0.6390625 0.22604166666666667 0.03125 0.035416666666666666
0 0.9046875 0.4635416666666667 0.05 0.08958333333333333
0 0.15703125 0.284375 0.0265625 0.03125
