0 0.5828125 0.2520833333333333 0.040625 0.07083333333333333
0 0.42109375 0.2875 0.0359375 0.05
0 0.3125 0.35104166666666664 0.0375 0.052083333333333336
0 0.25390625 0.2677083333333333 0.0359375 0.04791666666666667
0 0.18203125 0.296875 0.0359375 0.04791666666666667
0 0.27890625 0.5427083333333333 0.0609375 0.08125
0 0.1421875 0.26666666666666666 0.025 0.0375
0 0.5828125 0.2520833333333333 0.040625 0.07083333333333333
0 0.42109375 0.2875 0.0359375 0.05
0 0.3125 0.35104166666666664 0.0375 0.052083333333333336
0 0.25390625 0.2677083333333333 0.0359375 0.04791666666666667
0 0.18203125 0.296875 0.0359375 0.04791666666666667
0 0.27890625 0.5427083333333333 0.0609375 0.08125
0 0.1421875 0.26666666666666666 0.025 0.0375
