0 0.73203125 0.290625 0.0328125 0.04791666666666667
0 0.590625 0.25 0.028125 0.03333333333333333
0 0.43125 0.28541666666666665 0.03125 0.041666666666666664
0 0.334375 0.359375 0.040625 0.06041666666666667
0 0.253125 0.271875 0.034375 0.04375
0 0.20078125 0.30416666666666664 0.0359375 0.04583333333333333
0 0.16328125 0.375 0.0390625 0.05416666666666667
0 0.26875 0.5104166666666666 0.059375 0.06666666666666667
0 0.0640625 0.5614583333333333 0.1125 0.16875
0 0.73203125 0.290625 0.0328125 0.04791666666666667
0 0.590625 0.25 0.028125 0.03333333333333333
0 0.43125 0.28541666666666665 0.03125 0.041666666666666664
0 0.334375 0.359375 0.040625 0.06041666666666667
0 0.253125 0.271875 0.034375 0.04375
0 0.20078125 0.30416666666666664 0.0359375 0.04583333333333333
0 0.16328125 0.375 0.0390625 0.05416666666666667
0 0.26875 0.5104166666666666 0.059375 0.06666666666666667
0 0.0640625 0.5614583333333333 0.1125 0.16875
