0 0.24296875 0.26875 0.0328125 0.05
0 0.2015625 0.3072916666666667 0.03125 0.04791666666666667
0 0.2171875 0.534375 0.05 0.08125
0 0.428125 0.2864583333333333 0.03125 0.03958333333333333
0 0.68515625 0.24791666666666667 0.0265625 0.0375
0 0.734375 0.24479166666666666 0.034375 0.04791666666666667
0 0.82421875 0.290625 0.0390625 0.052083333333333336
0 0.24296875 0.26875 0.0328125 0.05
0 0.2015625 0.3072916666666667 0.03125 0.04791666666666667
0 0.2171875 0.534375 0.05 0.08125
0 0.428125 0.2864583333333333 0.03125 0.03958333333333333
0 0.68515625 0.24791666666666667 0.0265625 0.0375
0 0.734375 0.24479166666666666 0.034375 0.04791666666666667
0 0.82421875 0.290625 0.0390625 0.052083333333333336
