0 0.59453125 0.21979166666666666 0.0234375 0.035416666666666666
0 0.44140625 0.2875 0.0328125 0.041666666666666664
0 0.325 0.353125 0.0375 0.052083333333333336
0 0.25546875 0.265625 0.0296875 0.03958333333333333
0 0.2046875 0.2947916666666667 0.034375 0.04375
0 0.0625 0.46875 0.090625 0.12916666666666668
0 0.2875 0.5166666666666667 0.05625 0.075
0 0.94609375 0.7385416666666667 0.1078125 0.11875
0 0.59453125 0.21979166666666666 0.0234375 0.035416666666666666
0 0.44140625 0.2875 0.0328125 0.041666666666666664
0 0.325 0.353125 0.0375 0.052083333333333336
0 0.25546875 0.265625 0.0296875 0.03958333333333333
0 0.2046875 0.2947916666666667 0.034375 0.04375
0 0.0625 0.46875 0.090625 0.12916666666666668
0 0.2875 0.5166666666666667 0.05625 0.075
0 0.94609375 0.7385416666666667 0.1078125 0.11875
