0 0.2421875 0.27395833333333336 0.028125 0.04791666666666667
0 0.18828125 0.31979166666666664 0.0359375 0.05625
0 0.16015625 0.38229166666666664 0.0421875 0.06458333333333334
0 0.43359375 0.28958333333333336 0.0390625 0.05
0 0.559375 0.27708333333333335 0.040625 0.06666666666666667
0 0.7203125 0.26145833333333335 0.0375 0.04375
0 0.78046875 0.44166666666666665 0.0734375 0.09166666666666666
0 0.53828125 0.39895833333333336 0.0609375 0.10208333333333333
0 0.23671875 0.546875 0.0640625 0.08541666666666667
0 0.14453125 0.278125 0.0328125 0.052083333333333336
0 0.2421875 0.27395833333333336 0.028125 0.04791666666666667
0 0.18828125 0.31979166666666664 0.0359375 0.05625
0 0.16015625 0.38229166666666664 0.0421875 0.06458333333333334
0 0.43359375 0.28958333333333336 0.0390625 0.05
0 0.559375 0.27708333333333335 0.040625 0.06666666666666667
0 0.7203125 0.26145833333333335 0.0375 0.04375
0 0.78046875 0.44166666666666665 0.0734375 0.09166666666666666
0 0.53828125 0.39895833333333336 0.0609375 0.10208333333333333
0 0.23671875 0.546875 0.0640625 0.08541666666666667
0 0.14453125 0.278125 0.0328125 0.052083333333333336
