0 0.23984375 0.278125 0.0296875 0.04791666666666667
0 0.4328125 0.2864583333333333 0.03125 0.03958333333333333
0 0.58828125 0.2520833333333333 0.0296875 0.041666666666666664
0 0.3515625 0.3385416666666667 0.0375 0.052083333333333336
0 0.15703125 0.3802083333333333 0.0421875 0.05625
0 0.2953125 0.49270833333333336 0.04375 0.06458333333333334
0 0.23984375 0.278125 0.0296875 0.04791666666666667
0 0.4328125 0.2864583333333333 0.03125 0.03958333333333333
0 0.58828125 0.2520833333333333 0.0296875 0.041666666666666664
0 0.3515625 0.3385416666666667 0.0375 0.052083333333333336
0 0.15703125 0.3802083333333333 0.0421875 0.05625
0 0.2953125 0.49270833333333336 0.04375 0.06458333333333334
