0 0.709375 0.27395833333333336 0.028125 0.03958333333333333
0 0.76953125 0.4197916666666667 0.0640625 0.08541666666666667
0 0.56875 0.32083333333333336 0.04375 0.0625
0 0.68125 0.2375 0.028125 0.0375
0 0.43203125 0.2833333333333333 0.0328125 0.04583333333333333
0 0.2515625 0.2635416666666667 0.028125 0.04375
0 0.14765625 0.2677083333333333 0.0203125 0.04375
0 0.19453125 0.31354166666666666 0.0328125 0.04375
0 0.709375 0.27395833333333336 0.028125 0.03958333333333333
0 0.76953125 0.4197916666666667 0.0640625 0.08541666666666667
0 0.56875 0.32083333333333336 0.04375 0.0625
0 0.68125 0.2375 0.028125 0.0375
0 0.43203125 0.2833333333333333 0.0328125 0.04583333333333333
0 0.2515625 0.2635416666666667 0.028125 0.04375
0 0.14765625 0.2677083333333333 0.0203125 0.04375
0 0.19453125 0.31354166666666666 0.0328125 0.04375
