0 0.28125 0.51875 0.071875 0.08333333333333333
0 0.16015625 0.371875 0.0578125 0.06458333333333334
0 0.33125 0.3541666666666667 0.04375 0.06666666666666667
0 0.4390625 0.2864583333333333 0.040625 0.05625
0 0.60078125 0.25729166666666664 0.0421875 0.052083333333333336
0 0.6734375 0.22604166666666667 0.04375 0.04791666666666667
0 0.18828125 0.30833333333333335 0.0421875 0.05
0 0.24453125 0.271875 0.0359375 0.05625
0 0.28125 0.51875 0.071875 0.08333333333333333
0 0.16015625 0.371875 0.0578125 0.06458333333333334
0 0.33125 0.3541666666666667 0.04375 0.06666666666666667
0 0.4390625 0.2864583333333333 0.040625 0.05625
0 0.60078125 0.25729166666666664 0.0421875 0.052083333333333336
0 0.6734375 0.22604166666666667 0.04375 0.04791666666666667
0 0.18828125 0.30833333333333335 0.0421875 0.05
0 0.24453125 0.271875 0.0359375 0.05625
