0 0.43125 0.28958333333333336 0.034375 0.041666666666666664
0 0.23984375 0.265625 0.0296875 0.03958333333333333
0 0.21015625 0.309375 0.0390625 0.04791666666666667
0 0.334375 0.36041666666666666 0.040625 0.05416666666666667
0 0.2 0.5197916666666667 0.05625 0.07291666666666667
0 0.68203125 0.24166666666666667 0.0296875 0.0375
0 0.746875 0.23541666666666666 0.021875 0.03333333333333333
0 0.61015625 0.25625 0.0296875 0.0375
0 0.16171875 0.25729166666666664 0.0265625 0.03125
0 0.43125 0.28958333333333336 0.034375 0.041666666666666664
0 0.23984375 0.265625 0.0296875 0.03958333333333333
0 0.21015625 0.309375 0.0390625 0.04791666666666667
0 0.334375 0.36041666666666666 0.040625 0.05416666666666667
0 0.2 0.5197916666666667 0.05625 0.07291666666666667
0 0.68203125 0.24166666666666667 0.0296875 0.0375
0 0.746875 0.23541666666666666 0.021875 0.03333333333333333
0 0.61015625 0.25625 0.0296875 0.0375
0 0.16171875 0.25729166666666664 0.0265625 0.03125
