0 0.42734375 0.28958333333333336 0.0390625 0.05416666666666667
0 0.3546875 0.33229166666666665 0.034375 0.052083333333333336
0 0.77421875 0.43020833333333336 0.0546875 0.08541666666666667
0 0.23203125 0.246875 0.0296875 0.03958333333333333
0 0.21953125 0.5729166666666666 0.0640625 0.0875
0 0.42734375 0.28958333333333336 0.0390625 0.05416666666666667
0 0.3546875 0.33229166666666665 0.034375 0.052083333333333336
0 0.77421875 0.43020833333333336 0.0546875 0.08541666666666667
0 0.23203125 0.246875 0.0296875 0.03958333333333333
0 0.21953125 0.5729166666666666 0.0640625 0.0875
