0 0.78515625 0.4479166666666667 0.0671875 0.0875
0 0.73515625 0.21666666666666667 0.0203125 0.029166666666666667
0 0.4296875 0.28541666666666665 0.028125 0.0375
0 0.33359375 0.3625 0.0390625 0.058333333333333334
0 0.25703125 0.26875 0.0265625 0.0375
0 0.2203125 0.3145833333333333 0.034375 0.04583333333333333
0 0.203125 0.525 0.05625 0.07916666666666666
0 0.78515625 0.4479166666666667 0.0671875 0.0875
0 0.73515625 0.21666666666666667 0.0203125 0.029166666666666667
0 0.4296875 0.28541666666666665 0.028125 0.0375
0 0.33359375 0.3625 0.0390625 0.058333333333333334
0 0.25703125 0.26875 0.0265625 0.0375
0 0.2203125 0.3145833333333333 0.034375 0.04583333333333333
0 0.203125 0.525 0.05625 0.07916666666666666
