0 0.6953125 0.25104166666666666 0.028125 0.03958333333333333
0 0.61015625 0.26666666666666666 0.0296875 0.041666666666666664
0 0.54765625 0.228125 0.0328125 0.052083333333333336
0 0.1875 0.31666666666666665 0.034375 0.041666666666666664
0 0.1609375 0.41458333333333336 0.046875 0.0625
0 0.6953125 0.25104166666666666 0.028125 0.03958333333333333
0 0.61015625 0.26666666666666666 0.0296875 0.041666666666666664
0 0.54765625 0.228125 0.0328125 0.052083333333333336
0 0.1875 0.31666666666666665 0.034375 0.041666666666666664
0 0.1609375 0.41458333333333336 0.046875 0.0625
