0 0.17890625 0.321875 0.0359375 0.04375
0 0.15390625 0.42291666666666666 0.0484375 0.058333333333333334
0 0.69453125 0.24895833333333334 0.0234375 0.035416666666666666
0 0.60234375 0.26979166666666665 0.0296875 0.04375
0 0.7328125 0.240625 0.03125 0.03958333333333333
0 0.17890625 0.321875 0.0359375 0.04375
0 0.15390625 0.42291666666666666 0.0484375 0.058333333333333334
0 0.69453125 0.24895833333333334 0.0234375 0.035416666666666666
0 0.60234375 0.26979166666666665 0.0296875 0.04375
0 0.7328125 0.240625 0.03125 0.03958333333333333
