0 0.74140625 0.24375 0.0296875 0.04583333333333333
0 0.6890625 0.24270833333333333 0.034375 0.03958333333333333
0 0.184375 0.32083333333333336 0.040625 0.041666666666666664
0 0.1609375 0.41458333333333336 0.0375 0.05
0 0.609375 0.2677083333333333 0.028125 0.03958333333333333
0 0.74140625 0.24375 0.0296875 0.04583333333333333
0 0.6890625 0.24270833333333333 0.034375 0.03958333333333333
0 0.184375 0.32083333333333336 0.040625 0.041666666666666664
0 0.1609375 0.41458333333333336 0.0375 0.05
0 0.609375 0.2677083333333333 0.028125 0.03958333333333333
