0 0.165625 0.415625 0.0375 0.05625
0 0.57109375 0.35625 0.0546875 0.07083333333333333
0 0.7109375 0.425 0.053125 0.075
0 0.74375 0.246875 0.0375 0.04791666666666667
0 0.68515625 0.24270833333333333 0.0265625 0.03958333333333333
0 0.6375 0.2760416666666667 0.034375 0.03958333333333333
0 0.1984375 0.31145833333333334 0.03125 0.035416666666666666
0 0.165625 0.415625 0.0375 0.05625
0 0.57109375 0.35625 0.0546875 0.07083333333333333
0 0.7109375 0.425 0.053125 0.075
0 0.74375 0.246875 0.0375 0.04791666666666667
0 0.68515625 0.24270833333333333 0.0265625 0.03958333333333333
0 0.6375 0.2760416666666667 0.034375 0.03958333333333333
0 0.1984375 0.31145833333333334 0.03125 0.035416666666666666
