0 0.18828125 0.32395833333333335 0.0390625 0.052083333333333336
0 0.16640625 0.40729166666666666 0.0453125 0.06041666666666667
0 0.73828125 0.21666666666666667 0.0234375 0.029166666666666667
0 0.71640625 0.225 0.0234375 0.041666666666666664
0 0.68828125 0.24583333333333332 0.0265625 0.0375
0 0.7390625 0.24583333333333332 0.03125 0.041666666666666664
0 0.828125 0.29583333333333334 0.0375 0.05
0 0.18828125 0.32395833333333335 0.0390625 0.052083333333333336
0 0.16640625 0.40729166666666666 0.0453125 0.06041666666666667
0 0.73828125 0.21666666666666667 0.0234375 0.029166666666666667
0 0.71640625 0.225 0.0234375 0.041666666666666664
0 0.68828125 0.24583333333333332 0.0265625 0.0375
0 0.7390625 0.24583333333333332 0.03125 0.041666666666666664
0 0.828125 0.29583333333333334 0.0375 0.05
