0 0.52421875 0.2520833333333333 0.0359375 0.05416666666666667
0 0.1828125 0.315625 0.03125 0.04791666666666667
0 0.16328125 0.409375 0.0421875 0.052083333333333336
0 0.56015625 0.38125 0.0359375 0.0625
0 0.515625 0.3645833333333333 0.05625 0.07083333333333333
0 0.75 0.24375 0.028125 0.0375
0 0.63359375 0.5979166666666667 0.0890625 0.12916666666666668
0 0.9078125 0.490625 0.05 0.07291666666666667
0 0.61015625 0.2708333333333333 0.0296875 0.041666666666666664
0 0.52421875 0.2520833333333333 0.0359375 0.05416666666666667
0 0.1828125 0.315625 0.03125 0.04791666666666667
0 0.16328125 0.409375 0.0421875 0.052083333333333336
0 0.56015625 0.38125 0.0359375 0.0625
0 0.515625 0.3645833333333333 0.05625 0.07083333333333333
0 0.75 0.24375 0.028125 0.0375
0 0.63359375 0.5979166666666667 0.0890625 0.12916666666666668
0 0.9078125 0.490625 0.05 0.07291666666666667
0 0.61015625 0.2708333333333333 0.0296875 0.041666666666666664
