0 0.73828125 0.22604166666666667 0.0234375 0.04791666666666667
0 0.78203125 0.440625 0.0609375 0.09375
0 0.43125 0.28958333333333336 0.028125 0.041666666666666664
0 0.190625 0.3229166666666667 0.034375 0.05416666666666667
0 0.1453125 0.428125 0.040625 0.06041666666666667
0 0.440625 0.3927083333333333 0.065625 0.09375
0 0.6109375 0.25625 0.03125 0.041666666666666664
0 0.73828125 0.22604166666666667 0.0234375 0.04791666666666667
0 0.78203125 0.440625 0.0609375 0.09375
0 0.43125 0.28958333333333336 0.028125 0.041666666666666664
0 0.190625 0.3229166666666667 0.034375 0.05416666666666667
0 0.1453125 0.428125 0.040625 0.06041666666666667
0 0.440625 0.3927083333333333 0.065625 0.09375
0 0.6109375 0.25625 0.03125 0.041666666666666664
