0 0.68515625 0.23854166666666668 0.0265625 0.035416666666666666
0 0.609375 0.2604166666666667 0.025 0.041666666666666664
0 0.50625 0.325 0.0375 0.0625
0 0.2734375 0.4875 0.05 0.07916666666666666
0 0.18828125 0.3927083333333333 0.0421875 0.052083333333333336
0 0.19453125 0.3072916666666667 0.0296875 0.03958333333333333
0 0.234375 0.259375 0.025 0.035416666666666666
0 0.1671875 0.2625 0.028125 0.0375
0 0.68515625 0.23854166666666668 0.0265625 0.035416666666666666
0 0.609375 0.2604166666666667 0.025 0.041666666666666664
0 0.50625 0.325 0.0375 0.0625
0 0.2734375 0.4875 0.05 0.07916666666666666
0 0.18828125 0.3927083333333333 0.0421875 0.052083333333333336
0 0.19453125 0.3072916666666667 0.0296875 0.03958333333333333
0 0.234375 0.259375 0.025 0.035416666666666666
0 0.1671875 0.2625 0.028125 0.0375
