0 0.7546875 0.22708333333333333 0.028125 0.0375
0 0.6890625 0.23958333333333334 0.028125 0.03333333333333333
0 0.70859375 0.2833333333333333 0.0296875 0.041666666666666664
0 0.5609375 0.28020833333333334 0.05 0.06875
0 0.521875 0.37083333333333335 0.05625 0.075
0 0.3 0.4864583333333333 0.05 0.06041666666666667
0 0.2296875 0.2635416666666667 0.021875 0.03125
0 0.1796875 0.31979166666666664 0.034375 0.03958333333333333
0 0.14921875 0.440625 0.0484375 0.06458333333333334
0 0.7546875 0.22708333333333333 0.028125 0.0375
0 0.6890625 0.23958333333333334 0.028125 0.03333333333333333
0 0.70859375 0.2833333333333333 0.0296875 0.041666666666666664
0 0.5609375 0.28020833333333334 0.05 0.06875
0 0.521875 0.37083333333333335 0.05625 0.075
0 0.3 0.4864583333333333 0.05 0.06041666666666667
0 0.2296875 0.2635416666666667 0.021875 0.03125
0 0.1796875 0.31979166666666664 0.034375 0.03958333333333333
0 0.14921875 0.440625 0.0484375 0.06458333333333334
