0 0.428125 0.221875 0.028125 0.03958333333333333
0 0.15078125 0.428125 0.0421875 0.05625
0 0.446875 0.28541666666666665 0.040625 0.07083333333333333
0 0.59765625 0.28229166666666666 0.0359375 0.05625
0 0.63046875 0.228125 0.0265625 0.04375
0 0.68984375 0.22083333333333333 0.0265625 0.0375
0 0.72734375 0.21354166666666666 0.0203125 0.022916666666666665
0 0.73203125 0.23958333333333334 0.0296875 0.04583333333333333
0 0.728125 0.27291666666666664 0.034375 0.04583333333333333
0 0.546875 0.5520833333333334 0.103125 0.14583333333333334
0 0.428125 0.221875 0.028125 0.03958333333333333
0 0.15078125 0.428125 0.0421875 0.05625
0 0.446875 0.28541666666666665 0.040625 0.07083333333333333
0 0.59765625 0.28229166666666666 0.0359375 0.05625
0 0.63046875 0.228125 0.0265625 0.04375
0 0.68984375 0.22083333333333333 0.0265625 0.0375
0 0.72734375 0.21354166666666666 0.0203125 0.022916666666666665
0 0.73203125 0.23958333333333334 0.0296875 0.04583333333333333
0 0.728125 0.27291666666666664 0.034375 0.04583333333333333
0 0.546875 0.5520833333333334 0.103125 0.14583333333333334
