0 0.7453125 0.21979166666666666 0.028125 0.035416666666666666
0 0.6828125 0.24166666666666667 0.028125 0.041666666666666664
0 0.23203125 0.2625 0.0265625 0.04583333333333333
0 0.19296875 0.3072916666666667 0.0359375 0.04375
0 0.2234375 0.4239583333333333 0.0375 0.06041666666666667
0 0.28515625 0.48125 0.0546875 0.07916666666666666
0 0.7453125 0.21979166666666666 0.028125 0.035416666666666666
0 0.6828125 0.24166666666666667 0.028125 0.041666666666666664
0 0.23203125 0.2625 0.0265625 0.04583333333333333
0 0.19296875 0.3072916666666667 0.0359375 0.04375
0 0.2234375 0.4239583333333333 0.0375 0.06041666666666667
0 0.28515625 0.48125 0.0546875 0.07916666666666666
