0 0.18671875 0.31145833333333334 0.0359375 0.04375
0 0.22734375 0.26145833333333335 0.0328125 0.04791666666666667
0 0.16796875 0.26875 0.0265625 0.04583333333333333
0 0.73515625 0.25416666666666665 0.0328125 0.05
0 0.69140625 0.24791666666666667 0.0265625 0.041666666666666664
0 0.615625 0.265625 0.034375 0.03958333333333333
0 0.96328125 0.49166666666666664 0.0578125 0.08333333333333333
0 0.2546875 0.5541666666666667 0.05625 0.08333333333333333
0 0.2953125 0.27395833333333336 0.04375 0.052083333333333336
0 0.18671875 0.31145833333333334 0.0359375 0.04375
0 0.22734375 0.26145833333333335 0.0328125 0.04791666666666667
0 0.16796875 0.26875 0.0265625 0.04583333333333333
0 0.73515625 0.25416666666666665 0.0328125 0.05
0 0.69140625 0.24791666666666667 0.0265625 0.041666666666666664
0 0.615625 0.265625 0.034375 0.03958333333333333
0 0.96328125 0.49166666666666664 0.0578125 0.08333333333333333
0 0.2546875 0.5541666666666667 0.05625 0.08333333333333333
0 0.2953125 0.27395833333333336 0.04375 0.052083333333333336
