0 0.74609375 0.246875 0.0390625 0.052083333333333336
0 0.625 0.265625 0.040625 0.03958333333333333
0 0.24296875 0.40729166666666666 0.0515625 0.06041666666666667
0 0.1890625 0.315625 0.0375 0.04791666666666667
0 0.228125 0.26979166666666665 0.034375 0.04791666666666667
0 0.74609375 0.246875 0.0390625 0.052083333333333336
0 0.625 0.265625 0.040625 0.03958333333333333
0 0.24296875 0.40729166666666666 0.0515625 0.06041666666666667
0 0.1890625 0.315625 0.0375 0.04791666666666667
0 0.228125 0.26979166666666665 0.034375 0.04791666666666667
