0 0.128125 0.46979166666666666 0.046875 0.06458333333333334
0 0.45703125 0.6104166666666667 0.0984375 0.14583333333333334
0 0.7484375 0.7145833333333333 0.11875 0.1625
0 0.7578125 0.47291666666666665 0.0375 0.05416666666666667
0 0.6734375 0.23958333333333334 0.028125 0.0375
0 0.75 0.23020833333333332 0.028125 0.03958333333333333
0 0.70390625 0.28958333333333336 0.0328125 0.04583333333333333
0 0.128125 0.46979166666666666 0.046875 0.06458333333333334
0 0.45703125 0.6104166666666667 0.0984375 0.14583333333333334
0 0.7484375 0.7145833333333333 0.11875 0.1625
0 0.7578125 0.47291666666666665 0.0375 0.05416666666666667
0 0.6734375 0.23958333333333334 0.028125 0.0375
0 0.75 0.23020833333333332 0.028125 0.03958333333333333
0 0.70390625 0.28958333333333336 0.0328125 0.04583333333333333
