0 0.196875 0.4479166666666667 0.046875 0.07083333333333333
0 0.1640625 0.5583333333333333 0.1 0.14583333333333334
0 0.73828125 0.2791666666666667 0.0328125 0.05
0 0.81015625 0.2875 0.0328125 0.05
0 0.91171875 0.7385416666666667 0.0859375 0.12291666666666666
0 0.196875 0.4479166666666667 0.046875 0.07083333333333333
0 0.1640625 0.5583333333333333 0.1 0.14583333333333334
0 0.73828125 0.2791666666666667 0.0328125 0.05
0 0.81015625 0.2875 0.0328125 0.05
0 0.91171875 0.7385416666666667 0.0859375 0.12291666666666666
