0 0.609375 0.26145833333333335 0.034375 0.052083333333333336
0 0.675 0.24791666666666667 0.025 0.0375
0 0.75234375 0.228125 0.0265625 0.035416666666666666
0 0.253125 0.41458333333333336 0.071875 0.1125
0 0.30703125 0.6645833333333333 0.1140625 0.15416666666666667
0 0.753125 0.6833333333333333 0.121875 0.15
0 0.609375 0.26145833333333335 0.034375 0.052083333333333336
0 0.675 0.24791666666666667 0.025 0.0375
0 0.75234375 0.228125 0.0265625 0.035416666666666666
0 0.253125 0.41458333333333336 0.071875 0.1125
0 0.30703125 0.6645833333333333 0.1140625 0.15416666666666667
0 0.753125 0.6833333333333333 0.121875 0.15
